,SEASON_ID,TEAM_ID,TEAM_ABBREVIATION,TEAM_NAME,GAME_ID,GAME_DATE,MATCHUP,WL,MIN,FGM,FGA,FG_PCT,FG3M,FG3A,FG3_PCT,FTM,FTA,FT_PCT,OREB,DREB,REB,AST,STL,BLK,TOV,PF,PTS,PLUS_MINUS,VIDEO_AVAILABLE
0,22021,1610612747,LAL,Los Angeles Lakers,0022100002,2021-10-19,LAL vs. GSW,L,240,45,95,0.474,15,42,0.357,9,19,0.474,5,40,45,21,7,4,18,25,114,-7,1
1,22021,1610612744,GSW,Golden State Warriors,0022100002,2021-10-19,GSW @ LAL,W,240,41,93,0.441,14,39,0.359,25,30,0.833,9,41,50,30,9,2,17,18,121,7,1
2,22021,1610612751,BKN,Brooklyn Nets,0022100001,2021-10-19,BKN @ MIL,L,240,37,84,0.44,17,32,0.531,13,23,0.565,5,39,44,19,3,9,13,17,104,-23,1
3,22021,1610612749,MIL,Milwaukee Bucks,0022100001,2021-10-19,MIL vs. BKN,W,240,48,105,0.457,17,45,0.378,14,18,0.778,13,41,54,25,8,9,8,19,127,23,1
4,22021,1610612754,IND,Indiana Pacers,0022100003,2021-10-20,IND @ CHA,L,240,42,90,0.467,17,47,0.362,21,24,0.875,8,43,51,29,2,10,17,24,122,-1,1
5,22021,1610612766,CHA,Charlotte Hornets,0022100003,2021-10-20,CHA vs. IND,W,240,46,107,0.43,13,31,0.419,18,27,0.667,12,34,46,29,9,5,8,21,123,1,1
6,22021,1610612765,DET,Detroit Pistons,0022100004,2021-10-20,DET vs. CHI,L,240,36,90,0.4,6,28,0.214,10,13,0.769,11,36,47,17,7,5,17,16,88,-6,1
7,22021,1610612741,CHI,Chicago Bulls,0022100004,2021-10-20,CHI @ DET,W,240,37,86,0.43,7,23,0.304,13,15,0.867,9,39,48,18,8,5,17,19,94,6,1
8,22021,1610612761,TOR,Toronto Raptors,0022100006,2021-10-20,TOR vs. WAS,L,240,30,97,0.309,7,34,0.206,16,22,0.727,19,35,54,14,10,4,19,21,83,-15,1
9,22021,1610612764,WAS,Washington Wizards,0022100006,2021-10-20,WAS @ TOR,W,240,36,81,0.444,5,27,0.185,21,26,0.808,7,44,51,20,14,8,22,17,98,15,1
10,22021,1610612740,NOP,New Orleans Pelicans,0022100009,2021-10-20,NOP vs. PHI,L,240,39,93,0.419,13,30,0.433,6,9,0.667,10,34,44,28,5,6,14,16,97,-20,1
11,22021,1610612755,PHI,Philadelphia 76ers,0022100009,2021-10-20,PHI @ NOP,W,240,44,85,0.518,13,25,0.52,16,20,0.8,6,41,47,24,9,5,13,11,117,20,1
12,22021,1610612739,CLE,Cleveland Cavaliers,0022100007,2021-10-20,CLE @ MEM,L,240,47,93,0.505,14,38,0.368,13,18,0.722,7,29,36,38,6,5,11,17,121,-11,1
13,22021,1610612763,MEM,Memphis Grizzlies,0022100007,2021-10-20,MEM vs. CLE,W,240,53,100,0.53,14,33,0.424,12,12,1.0,13,40,53,28,8,8,12,15,132,11,1
14,22021,1610612750,MIN,Minnesota Timberwolves,0022100008,2021-10-20,MIN vs. HOU,W,240,42,87,0.483,16,38,0.421,24,31,0.774,13,33,46,26,18,12,18,22,124,18,1
15,22021,1610612745,HOU,Houston Rockets,0022100008,2021-10-20,HOU @ MIN,L,240,40,88,0.455,11,33,0.333,15,22,0.682,12,29,41,21,13,3,24,25,106,-18,1
16,22021,1610612752,NYK,New York Knicks,0022100005,2021-10-20,NYK vs. BOS,W,290,51,105,0.486,17,45,0.378,19,27,0.704,7,48,55,27,9,10,19,22,138,4,1
17,22021,1610612738,BOS,Boston Celtics,0022100005,2021-10-20,BOS @ NYK,L,290,48,117,0.41,21,57,0.368,17,23,0.739,15,41,56,34,13,9,18,24,134,-4,1
18,22021,1610612753,ORL,Orlando Magic,0022100010,2021-10-20,ORL @ SAS,L,240,35,86,0.407,9,29,0.31,18,23,0.783,13,31,44,17,6,6,16,20,97,-26,1
19,22021,1610612759,SAS,San Antonio Spurs,0022100010,2021-10-20,SAS vs. ORL,W,240,49,98,0.5,13,30,0.433,12,18,0.667,13,30,43,32,8,3,8,22,123,26,1
20,22021,1610612743,DEN,Denver Nuggets,0022100012,2021-10-20,DEN @ PHX,W,240,44,83,0.53,17,39,0.436,5,9,0.556,6,40,46,25,9,1,19,20,110,12,1
21,22021,1610612756,PHX,Phoenix Suns,0022100012,2021-10-20,PHX vs. DEN,L,240,36,87,0.414,14,37,0.378,12,17,0.706,11,34,45,23,9,3,18,18,98,-12,1
22,22021,1610612758,SAC,Sacramento Kings,0022100013,2021-10-20,SAC @ POR,W,240,42,92,0.457,17,41,0.415,23,29,0.793,7,36,43,24,6,4,10,22,124,3,1
23,22021,1610612757,POR,Portland Trail Blazers,0022100013,2021-10-20,POR vs. SAC,L,240,45,93,0.484,12,35,0.343,19,22,0.864,9,40,49,25,5,5,13,22,121,-3,1
24,22021,1610612760,OKC,Oklahoma City Thunder,0022100011,2021-10-20,OKC @ UTA,L,240,34,91,0.374,7,35,0.2,11,18,0.611,15,35,50,19,4,2,15,15,86,-21,1
25,22021,1610612762,UTA,Utah Jazz,0022100011,2021-10-20,UTA vs. OKC,W,240,40,91,0.44,14,47,0.298,13,15,0.867,12,41,53,18,6,5,10,19,107,21,1
26,22021,1610612737,ATL,Atlanta Hawks,0022100014,2021-10-21,ATL vs. DAL,W,240,45,94,0.479,15,35,0.429,8,9,0.889,6,49,55,31,8,9,13,16,113,26,1
27,22021,1610612742,DAL,Dallas Mavericks,0022100014,2021-10-21,DAL @ ATL,L,240,31,93,0.333,13,43,0.302,12,13,0.923,10,40,50,16,7,3,15,21,87,-26,1
28,22021,1610612748,MIA,Miami Heat,0022100015,2021-10-21,MIA vs. MIL,W,240,51,96,0.531,15,35,0.429,20,31,0.645,11,47,58,28,8,2,11,26,137,42,1
29,22021,1610612749,MIL,Milwaukee Bucks,0022100015,2021-10-21,MIL @ MIA,L,240,32,84,0.381,12,42,0.286,19,29,0.655,5,33,38,19,6,0,15,26,95,-42,1
30,22021,1610612744,GSW,Golden State Warriors,0022100016,2021-10-21,GSW vs. LAC,W,240,43,83,0.518,15,31,0.484,14,22,0.636,10,43,53,27,5,4,21,20,115,2,1
31,22021,1610612746,LAC,LA Clippers,0022100016,2021-10-21,LAC @ GSW,L,240,42,96,0.438,14,40,0.35,15,21,0.714,8,31,39,24,9,2,7,25,113,-2,1
32,22021,1610612739,CLE,Cleveland Cavaliers,0022100017,2021-10-22,CLE vs. CHA,L,240,43,84,0.512,9,31,0.29,17,20,0.85,7,29,36,26,9,3,19,15,112,-11,1
33,22021,1610612766,CHA,Charlotte Hornets,0022100017,2021-10-22,CHA @ CLE,W,240,48,91,0.527,13,32,0.406,14,17,0.824,11,35,46,32,13,1,18,16,123,11,1
34,22021,1610612752,NYK,New York Knicks,0022100018,2021-10-22,NYK @ ORL,W,240,44,88,0.5,24,54,0.444,9,17,0.529,6,32,38,34,10,4,11,19,121,25,1
35,22021,1610612753,ORL,Orlando Magic,0022100018,2021-10-22,ORL vs. NYK,L,240,33,83,0.398,17,43,0.395,13,15,0.867,9,37,46,24,5,3,19,18,96,-25,1
36,22021,1610612764,WAS,Washington Wizards,0022100019,2021-10-22,WAS vs. IND,W,265,49,94,0.521,19,38,0.5,18,19,0.947,6,32,38,24,5,6,9,21,135,1,1
37,22021,1610612754,IND,Indiana Pacers,0022100019,2021-10-22,IND @ WAS,L,265,52,97,0.536,15,34,0.441,15,20,0.75,7,35,42,28,5,6,12,22,134,-1,1
38,22021,1610612761,TOR,Toronto Raptors,0022100020,2021-10-22,TOR @ BOS,W,240,42,100,0.42,10,35,0.286,21,21,1.0,21,39,60,22,16,2,12,13,115,32,1
39,22021,1610612738,BOS,Boston Celtics,0022100020,2021-10-22,BOS vs. TOR,L,240,32,82,0.39,11,34,0.324,8,11,0.727,10,32,42,19,6,12,25,19,83,-32,1
40,22021,1610612755,PHI,Philadelphia 76ers,0022100021,2021-10-22,PHI vs. BKN,L,240,43,91,0.473,14,36,0.389,9,11,0.818,5,30,35,17,8,9,10,21,109,-5,1
41,22021,1610612751,BKN,Brooklyn Nets,0022100021,2021-10-22,BKN @ PHI,W,240,41,88,0.466,12,38,0.316,20,24,0.833,11,36,47,26,6,6,13,16,114,5,1
42,22021,1610612740,NOP,New Orleans Pelicans,0022100022,2021-10-22,NOP @ CHI,L,240,42,87,0.483,15,29,0.517,13,16,0.813,9,33,42,26,7,5,17,20,112,-16,1
43,22021,1610612741,CHI,Chicago Bulls,0022100022,2021-10-22,CHI vs. NOP,W,240,47,89,0.528,14,28,0.5,20,25,0.8,11,35,46,32,9,7,14,14,128,16,1
44,22021,1610612745,HOU,Houston Rockets,0022100023,2021-10-22,HOU vs. OKC,W,240,48,95,0.505,17,38,0.447,11,14,0.786,10,44,54,29,12,10,17,18,124,33,1
45,22021,1610612760,OKC,Oklahoma City Thunder,0022100023,2021-10-22,OKC @ HOU,L,240,34,91,0.374,14,43,0.326,9,16,0.563,8,31,39,22,9,4,19,21,91,-33,1
46,22021,1610612759,SAS,San Antonio Spurs,0022100024,2021-10-22,SAS @ DEN,L,240,40,84,0.476,6,24,0.25,10,14,0.714,7,32,39,24,11,2,20,17,96,-6,1
47,22021,1610612743,DEN,Denver Nuggets,0022100024,2021-10-22,DEN vs. SAS,W,240,44,86,0.512,9,30,0.3,5,8,0.625,8,33,41,26,10,2,21,21,102,6,1
48,22021,1610612756,PHX,Phoenix Suns,0022100025,2021-10-22,PHX @ LAL,W,240,42,86,0.488,10,32,0.313,21,28,0.75,7,40,47,31,8,2,12,22,115,10,1
49,22021,1610612747,LAL,Los Angeles Lakers,0022100025,2021-10-22,LAL vs. PHX,L,240,34,86,0.395,15,34,0.441,22,29,0.759,12,34,46,25,7,3,16,26,105,-10,1
50,22021,1610612762,UTA,Utah Jazz,0022100026,2021-10-22,UTA @ SAC,W,240,37,90,0.411,16,42,0.381,20,23,0.87,13,38,51,16,14,3,19,17,110,9,1
51,22021,1610612758,SAC,Sacramento Kings,0022100026,2021-10-22,SAC vs. UTA,L,240,39,99,0.394,8,36,0.222,15,21,0.714,16,36,52,20,15,5,15,22,101,-9,1
52,22021,1610612739,CLE,Cleveland Cavaliers,0022100027,2021-10-23,CLE vs. ATL,W,240,37,89,0.416,7,28,0.25,20,27,0.741,12,42,54,23,6,6,10,16,101,6,1
53,22021,1610612737,ATL,Atlanta Hawks,0022100027,2021-10-23,ATL @ CLE,L,240,38,99,0.384,10,34,0.294,9,15,0.6,17,37,54,20,5,3,9,23,95,-6,1
54,22021,1610612748,MIA,Miami Heat,0022100028,2021-10-23,MIA @ IND,L,265,35,91,0.385,9,33,0.273,12,14,0.857,10,45,55,18,4,2,22,25,91,-11,1
55,22021,1610612754,IND,Indiana Pacers,0022100028,2021-10-23,IND vs. MIA,W,265,38,97,0.392,10,39,0.256,16,21,0.762,14,41,55,18,10,5,16,18,102,11,1
56,22021,1610612761,TOR,Toronto Raptors,0022100029,2021-10-23,TOR vs. DAL,L,240,34,85,0.4,11,37,0.297,16,23,0.696,11,38,49,17,7,6,12,23,95,-8,1
57,22021,1610612742,DAL,Dallas Mavericks,0022100029,2021-10-23,DAL @ TOR,W,240,38,91,0.418,14,42,0.333,13,18,0.722,13,37,50,24,6,6,9,22,103,8,1
58,22021,1610612741,CHI,Chicago Bulls,0022100030,2021-10-23,CHI vs. DET,W,240,35,84,0.417,11,26,0.423,16,19,0.842,3,39,42,24,13,11,13,17,97,15,1
59,22021,1610612765,DET,Detroit Pistons,0022100030,2021-10-23,DET @ CHI,L,240,34,88,0.386,5,28,0.179,9,15,0.6,11,42,53,14,9,8,23,17,82,-15,1
60,22021,1610612750,MIN,Minnesota Timberwolves,0022100031,2021-10-23,MIN vs. NOP,W,240,39,96,0.406,12,38,0.316,6,10,0.6,13,34,47,22,13,8,20,25,96,7,1
61,22021,1610612740,NOP,New Orleans Pelicans,0022100031,2021-10-23,NOP @ MIN,L,240,31,89,0.348,9,40,0.225,18,23,0.783,21,40,61,15,10,5,30,22,89,-7,1
62,22021,1610612759,SAS,San Antonio Spurs,0022100032,2021-10-23,SAS vs. MIL,L,240,48,99,0.485,10,39,0.256,5,6,0.833,10,28,38,29,10,4,13,18,111,-10,1
63,22021,1610612749,MIL,Milwaukee Bucks,0022100032,2021-10-23,MIL @ SAS,W,240,44,83,0.53,15,35,0.429,18,22,0.818,7,37,44,21,6,5,22,15,121,10,1
64,22021,1610612756,PHX,Phoenix Suns,0022100033,2021-10-23,PHX @ POR,L,240,43,89,0.483,9,28,0.321,10,15,0.667,7,31,38,27,6,1,14,19,105,-29,1
65,22021,1610612757,POR,Portland Trail Blazers,0022100033,2021-10-23,POR vs. PHX,W,240,51,94,0.543,21,50,0.42,11,17,0.647,8,40,48,24,8,5,9,15,134,29,1
66,22021,1610612763,MEM,Memphis Grizzlies,0022100034,2021-10-23,MEM @ LAC,W,240,42,90,0.467,15,36,0.417,21,25,0.84,13,35,48,26,5,3,11,19,120,6,1
67,22021,1610612746,LAC,LA Clippers,0022100034,2021-10-23,LAC vs. MEM,L,240,43,99,0.434,13,39,0.333,15,17,0.882,14,30,44,23,7,4,7,21,114,-6,1
68,22021,1610612751,BKN,Brooklyn Nets,0022100035,2021-10-24,BKN vs. CHA,L,240,38,87,0.437,9,35,0.257,10,12,0.833,9,35,44,18,10,8,17,19,95,-16,1
69,22021,1610612766,CHA,Charlotte Hornets,0022100035,2021-10-24,CHA @ BKN,W,240,43,94,0.457,10,30,0.333,15,19,0.789,10,38,48,26,10,5,12,17,111,16,1
70,22021,1610612755,PHI,Philadelphia 76ers,0022100038,2021-10-24,PHI @ OKC,W,240,41,88,0.466,17,41,0.415,16,20,0.8,12,35,47,25,4,9,12,17,115,12,1
71,22021,1610612760,OKC,Oklahoma City Thunder,0022100038,2021-10-24,OKC vs. PHI,L,240,40,84,0.476,8,31,0.258,15,19,0.789,6,36,42,24,9,4,11,17,103,-12,1
72,22021,1610612745,HOU,Houston Rockets,0022100037,2021-10-24,HOU vs. BOS,L,240,32,75,0.427,14,32,0.438,19,24,0.792,5,35,40,20,7,4,20,20,97,-10,1
73,22021,1610612738,BOS,Boston Celtics,0022100037,2021-10-24,BOS @ HOU,W,240,38,86,0.442,15,47,0.319,16,20,0.8,6,37,43,22,10,6,12,22,107,10,1
74,22021,1610612752,NYK,New York Knicks,0022100036,2021-10-24,NYK vs. ORL,L,240,37,100,0.37,13,48,0.271,17,25,0.68,16,36,52,20,8,8,12,21,104,-6,1
75,22021,1610612753,ORL,Orlando Magic,0022100036,2021-10-24,ORL @ NYK,W,240,36,88,0.409,12,43,0.279,26,34,0.765,10,47,57,22,7,4,13,25,110,6,1
76,22021,1610612744,GSW,Golden State Warriors,0022100039,2021-10-24,GSW @ SAC,W,240,43,97,0.443,13,37,0.351,20,24,0.833,14,29,43,26,12,3,7,13,119,12,1
77,22021,1610612758,SAC,Sacramento Kings,0022100039,2021-10-24,SAC vs. GSW,L,240,42,86,0.488,15,46,0.326,8,13,0.615,10,37,47,26,0,4,19,16,107,-12,1
78,22021,1610612747,LAL,Los Angeles Lakers,0022100040,2021-10-24,LAL vs. MEM,W,240,45,84,0.536,16,30,0.533,15,22,0.682,9,27,36,29,10,12,17,14,121,3,1
79,22021,1610612763,MEM,Memphis Grizzlies,0022100040,2021-10-24,MEM @ LAL,L,240,45,100,0.45,13,35,0.371,15,18,0.833,18,31,49,25,13,4,17,20,118,-3,1
80,22021,1610612738,BOS,Boston Celtics,0022100041,2021-10-25,BOS @ CHA,W,265,50,101,0.495,19,50,0.38,21,25,0.84,11,42,53,33,8,9,12,23,140,11,1
81,22021,1610612766,CHA,Charlotte Hornets,0022100041,2021-10-25,CHA vs. BOS,L,265,46,103,0.447,19,44,0.432,18,28,0.643,14,38,52,26,4,6,14,25,129,-11,1
82,22021,1610612751,BKN,Brooklyn Nets,0022100044,2021-10-25,BKN vs. WAS,W,240,40,94,0.426,10,35,0.286,14,17,0.824,7,47,54,23,6,4,9,19,104,14,1
83,22021,1610612764,WAS,Washington Wizards,0022100044,2021-10-25,WAS @ BKN,L,240,33,95,0.347,9,39,0.231,15,20,0.75,10,43,53,16,5,5,12,17,90,-14,1
84,22021,1610612753,ORL,Orlando Magic,0022100045,2021-10-25,ORL @ MIA,L,240,33,81,0.407,12,44,0.273,12,19,0.632,6,33,39,21,7,6,18,22,90,-17,1
85,22021,1610612748,MIA,Miami Heat,0022100045,2021-10-25,MIA vs. ORL,W,240,41,87,0.471,6,27,0.222,19,19,1.0,9,33,42,28,10,2,11,19,107,17,1
86,22021,1610612765,DET,Detroit Pistons,0022100043,2021-10-25,DET @ ATL,L,240,40,91,0.44,9,33,0.273,15,18,0.833,11,25,36,26,7,6,14,15,104,-18,1
87,22021,1610612737,ATL,Atlanta Hawks,0022100043,2021-10-25,ATL vs. DET,W,240,46,90,0.511,12,32,0.375,18,21,0.857,10,39,49,24,11,3,16,19,122,18,1
88,22021,1610612749,MIL,Milwaukee Bucks,0022100042,2021-10-25,MIL @ IND,W,240,41,85,0.482,11,32,0.344,26,31,0.839,7,35,42,24,13,6,14,19,119,10,1
89,22021,1610612754,IND,Indiana Pacers,0022100042,2021-10-25,IND vs. MIL,L,240,40,90,0.444,14,36,0.389,15,17,0.882,12,35,47,23,6,1,19,24,109,-10,1
90,22021,1610612757,POR,Portland Trail Blazers,0022100049,2021-10-25,POR @ LAC,L,240,32,85,0.376,8,37,0.216,14,18,0.778,7,40,47,15,11,4,30,18,86,-30,1
91,22021,1610612746,LAC,LA Clippers,0022100049,2021-10-25,LAC vs. POR,W,240,44,93,0.473,14,43,0.326,14,19,0.737,5,38,43,37,21,6,17,23,116,30,1
92,22021,1610612750,MIN,Minnesota Timberwolves,0022100047,2021-10-25,MIN vs. NOP,L,240,31,90,0.344,15,50,0.3,21,27,0.778,11,30,41,20,10,7,11,19,98,-9,1
93,22021,1610612740,NOP,New Orleans Pelicans,0022100047,2021-10-25,NOP @ MIN,W,240,39,87,0.448,10,30,0.333,19,23,0.826,15,45,60,19,5,5,20,20,107,9,1
94,22021,1610612743,DEN,Denver Nuggets,0022100048,2021-10-25,DEN vs. CLE,L,240,35,86,0.407,9,38,0.237,8,12,0.667,11,36,47,21,10,3,22,22,87,-12,1
95,22021,1610612739,CLE,Cleveland Cavaliers,0022100048,2021-10-25,CLE @ DEN,W,240,38,82,0.463,7,25,0.28,16,20,0.8,11,38,49,26,8,5,16,18,99,12,1
96,22021,1610612761,TOR,Toronto Raptors,0022100046,2021-10-25,TOR vs. CHI,L,240,40,83,0.482,12,30,0.4,16,20,0.8,13,34,47,27,8,1,21,18,108,-3,1
97,22021,1610612741,CHI,Chicago Bulls,0022100046,2021-10-25,CHI @ TOR,W,240,39,81,0.481,12,27,0.444,21,22,0.955,5,24,29,24,11,3,13,16,111,3,1
98,22021,1610612752,NYK,New York Knicks,0022100050,2021-10-26,NYK vs. PHI,W,240,41,87,0.471,16,37,0.432,14,15,0.933,13,32,45,24,7,5,15,18,112,13,1
99,22021,1610612755,PHI,Philadelphia 76ers,0022100050,2021-10-26,PHI @ NYK,L,240,36,82,0.439,12,41,0.293,15,17,0.882,12,28,40,24,9,4,15,14,99,-13,1
100,22021,1610612742,DAL,Dallas Mavericks,0022100052,2021-10-26,DAL vs. HOU,W,240,43,93,0.462,12,43,0.279,18,25,0.72,14,36,50,25,9,7,15,22,116,10,1
101,22021,1610612745,HOU,Houston Rockets,0022100052,2021-10-26,HOU @ DAL,L,240,36,86,0.419,16,39,0.41,18,26,0.692,11,38,49,24,7,3,17,21,106,-10,1
102,22021,1610612759,SAS,San Antonio Spurs,0022100053,2021-10-26,SAS vs. LAL,L,265,48,108,0.444,13,36,0.361,12,22,0.545,16,43,59,33,10,6,16,22,121,-4,1
103,22021,1610612747,LAL,Los Angeles Lakers,0022100053,2021-10-26,LAL @ SAS,W,265,50,105,0.476,8,30,0.267,17,22,0.773,9,47,56,20,8,10,13,21,125,4,1
104,22021,1610612762,UTA,Utah Jazz,0022100054,2021-10-26,UTA vs. DEN,W,240,44,85,0.518,12,39,0.308,22,29,0.759,8,33,41,20,5,6,14,22,122,12,1
105,22021,1610612743,DEN,Denver Nuggets,0022100054,2021-10-26,DEN @ UTA,L,240,42,83,0.506,10,28,0.357,16,24,0.667,5,30,35,19,9,3,13,23,110,-12,1
106,22021,1610612760,OKC,Oklahoma City Thunder,0022100051,2021-10-26,OKC vs. GSW,L,240,36,86,0.419,12,34,0.353,14,17,0.824,9,33,42,19,7,3,14,18,98,-8,1
107,22021,1610612744,GSW,Golden State Warriors,0022100051,2021-10-26,GSW @ OKC,W,240,39,83,0.47,14,40,0.35,14,18,0.778,7,39,46,30,9,8,15,20,106,8,1
108,22021,1610612753,ORL,Orlando Magic,0022100055,2021-10-27,ORL vs. CHA,L,240,43,88,0.489,15,40,0.375,10,13,0.769,8,25,33,22,6,2,19,21,111,-9,1
109,22021,1610612766,CHA,Charlotte Hornets,0022100055,2021-10-27,CHA @ ORL,W,240,43,83,0.518,14,30,0.467,20,24,0.833,10,30,40,22,14,4,17,14,120,9,1
110,22021,1610612751,BKN,Brooklyn Nets,0022100057,2021-10-27,BKN vs. MIA,L,240,33,85,0.388,14,43,0.326,13,14,0.929,4,38,42,21,7,7,16,24,93,-13,1
111,22021,1610612748,MIA,Miami Heat,0022100057,2021-10-27,MIA @ BKN,W,240,38,96,0.396,8,29,0.276,22,26,0.846,17,45,62,21,6,2,15,19,106,13,1
112,22021,1610612740,NOP,New Orleans Pelicans,0022100059,2021-10-27,NOP vs. ATL,L,240,40,93,0.43,11,36,0.306,8,9,0.889,9,35,44,24,5,6,10,19,99,-3,1
113,22021,1610612737,ATL,Atlanta Hawks,0022100059,2021-10-27,ATL @ NOP,W,240,40,96,0.417,8,30,0.267,14,17,0.824,21,34,55,21,4,4,11,14,102,3,1
114,22021,1610612761,TOR,Toronto Raptors,0022100058,2021-10-27,TOR vs. IND,W,240,46,100,0.46,14,30,0.467,12,19,0.632,16,25,41,22,18,6,12,20,118,18,1
115,22021,1610612754,IND,Indiana Pacers,0022100058,2021-10-27,IND @ TOR,L,240,38,79,0.481,10,29,0.345,14,17,0.824,9,31,40,19,6,7,23,19,100,-18,1
116,22021,1610612750,MIN,Minnesota Timberwolves,0022100060,2021-10-27,MIN @ MIL,W,240,43,91,0.473,13,45,0.289,14,17,0.824,10,39,49,29,5,4,17,20,113,5,1
117,22021,1610612749,MIL,Milwaukee Bucks,0022100060,2021-10-27,MIL vs. MIN,L,240,39,95,0.411,14,51,0.275,16,21,0.762,13,30,43,22,10,3,9,18,108,-5,1
118,22021,1610612764,WAS,Washington Wizards,0022100056,2021-10-27,WAS @ BOS,W,240,43,84,0.512,9,25,0.36,21,29,0.724,11,36,47,18,8,7,16,20,116,9,1
119,22021,1610612738,BOS,Boston Celtics,0022100056,2021-10-27,BOS vs. WAS,L,240,37,85,0.435,10,29,0.345,23,28,0.821,10,27,37,18,9,5,13,21,107,-9,1
120,22021,1610612760,OKC,Oklahoma City Thunder,0022100061,2021-10-27,OKC vs. LAL,W,240,43,86,0.5,15,37,0.405,22,29,0.759,10,32,42,21,8,3,16,16,123,8,1
121,22021,1610612747,LAL,Los Angeles Lakers,0022100061,2021-10-27,LAL @ OKC,L,240,46,92,0.5,11,35,0.314,12,14,0.857,10,30,40,29,8,2,17,22,115,-8,1
122,22021,1610612756,PHX,Phoenix Suns,0022100062,2021-10-27,PHX vs. SAC,L,240,42,93,0.452,6,22,0.273,17,24,0.708,14,42,56,23,6,6,11,16,107,-3,1
123,22021,1610612758,SAC,Sacramento Kings,0022100062,2021-10-27,SAC @ PHX,W,240,42,95,0.442,15,38,0.395,11,15,0.733,8,32,40,28,7,6,12,20,110,3,1
124,22021,1610612757,POR,Portland Trail Blazers,0022100063,2021-10-27,POR vs. MEM,W,240,39,84,0.464,15,36,0.417,23,31,0.742,13,35,48,22,11,6,14,20,116,20,1
125,22021,1610612763,MEM,Memphis Grizzlies,0022100063,2021-10-27,MEM @ POR,L,240,35,96,0.365,17,50,0.34,9,19,0.474,21,29,50,27,9,3,22,25,96,-20,1
126,22021,1610612746,LAC,LA Clippers,0022100064,2021-10-27,LAC vs. CLE,L,240,31,87,0.356,9,41,0.22,8,13,0.615,9,27,36,19,13,2,14,24,79,-13,1
127,22021,1610612739,CLE,Cleveland Cavaliers,0022100064,2021-10-27,CLE @ LAC,W,240,33,81,0.407,3,20,0.15,23,27,0.852,14,43,57,12,9,3,21,14,92,13,1
128,22021,1610612764,WAS,Washington Wizards,0022100066,2021-10-28,WAS vs. ATL,W,240,46,99,0.465,13,34,0.382,17,21,0.81,14,37,51,26,6,4,9,16,122,11,1
129,22021,1610612737,ATL,Atlanta Hawks,0022100066,2021-10-28,ATL @ WAS,L,240,48,88,0.545,6,21,0.286,9,14,0.643,6,37,43,26,4,3,13,16,111,-11,1
130,22021,1610612755,PHI,Philadelphia 76ers,0022100065,2021-10-28,PHI vs. DET,W,240,38,76,0.5,12,27,0.444,22,24,0.917,6,40,46,22,7,9,21,23,110,8,1
131,22021,1610612765,DET,Detroit Pistons,0022100065,2021-10-28,DET @ PHI,L,240,35,86,0.407,13,39,0.333,19,27,0.704,10,27,37,22,11,4,14,22,102,-8,1
132,22021,1610612762,UTA,Utah Jazz,0022100068,2021-10-28,UTA @ HOU,W,240,41,85,0.482,16,46,0.348,24,30,0.8,10,48,58,24,8,4,20,23,122,31,1
133,22021,1610612745,HOU,Houston Rockets,0022100068,2021-10-28,HOU vs. UTA,L,240,31,95,0.326,9,44,0.205,20,23,0.87,13,28,41,15,8,3,11,24,91,-31,1
134,22021,1610612752,NYK,New York Knicks,0022100067,2021-10-28,NYK @ CHI,W,240,39,85,0.459,11,29,0.379,15,20,0.75,11,38,49,16,5,7,13,21,104,1,1
135,22021,1610612741,CHI,Chicago Bulls,0022100067,2021-10-28,CHI vs. NYK,L,240,36,84,0.429,11,32,0.344,20,22,0.909,5,32,37,25,6,5,7,18,103,-1,1
136,22021,1610612759,SAS,San Antonio Spurs,0022100069,2021-10-28,SAS @ DAL,L,240,39,88,0.443,12,30,0.4,9,15,0.6,11,37,48,21,6,11,15,16,99,-5,1
137,22021,1610612742,DAL,Dallas Mavericks,0022100069,2021-10-28,DAL vs. SAS,W,240,41,89,0.461,18,45,0.4,4,13,0.308,9,36,45,18,4,7,13,19,104,5,1
138,22021,1610612744,GSW,Golden State Warriors,0022100070,2021-10-28,GSW vs. MEM,L,265,39,90,0.433,14,40,0.35,9,12,0.75,7,41,48,29,8,7,23,17,101,-3,1
139,22021,1610612763,MEM,Memphis Grizzlies,0022100070,2021-10-28,MEM @ GSW,W,265,39,97,0.402,12,48,0.25,14,14,1.0,10,41,51,25,17,9,18,14,104,3,1
140,22021,1610612761,TOR,Toronto Raptors,0022100071,2021-10-29,TOR vs. ORL,W,240,43,86,0.5,9,30,0.3,15,22,0.682,9,31,40,18,11,2,8,18,110,1,1
141,22021,1610612753,ORL,Orlando Magic,0022100071,2021-10-29,ORL @ TOR,L,240,41,87,0.471,16,34,0.471,11,16,0.688,12,34,46,24,1,5,17,24,109,-1,1
142,22021,1610612766,CHA,Charlotte Hornets,0022100073,2021-10-29,CHA @ MIA,L,240,35,90,0.389,13,37,0.351,16,22,0.727,11,26,37,21,8,6,11,17,99,-15,1
143,22021,1610612748,MIA,Miami Heat,0022100073,2021-10-29,MIA vs. CHA,W,240,43,91,0.473,9,35,0.257,19,19,1.0,16,44,60,23,6,3,18,20,114,15,1
144,22021,1610612754,IND,Indiana Pacers,0022100072,2021-10-29,IND @ BKN,L,240,37,93,0.398,8,29,0.276,16,23,0.696,11,35,46,20,9,7,14,27,98,-7,1
145,22021,1610612751,BKN,Brooklyn Nets,0022100072,2021-10-29,BKN vs. IND,W,240,34,76,0.447,6,26,0.231,31,41,0.756,10,40,50,20,9,6,18,21,105,7,1
146,22021,1610612758,SAC,Sacramento Kings,0022100074,2021-10-29,SAC @ NOP,W,240,40,80,0.5,9,27,0.333,24,25,0.96,3,42,45,19,4,5,14,20,113,4,1
147,22021,1610612740,NOP,New Orleans Pelicans,0022100074,2021-10-29,NOP vs. SAC,L,240,42,98,0.429,9,34,0.265,16,25,0.64,13,36,49,18,9,6,10,22,109,-4,1
148,22021,1610612757,POR,Portland Trail Blazers,0022100076,2021-10-29,POR vs. LAC,W,240,41,98,0.418,19,41,0.463,10,16,0.625,16,47,63,21,8,6,14,19,111,19,1
149,22021,1610612746,LAC,LA Clippers,0022100076,2021-10-29,LAC @ POR,L,240,34,87,0.391,15,42,0.357,9,16,0.563,6,37,43,17,7,5,13,14,92,-19,1
150,22021,1610612743,DEN,Denver Nuggets,0022100075,2021-10-29,DEN vs. DAL,W,240,43,83,0.518,11,36,0.306,9,13,0.692,5,46,51,28,8,3,20,24,106,31,1
151,22021,1610612742,DAL,Dallas Mavericks,0022100075,2021-10-29,DAL @ DEN,L,240,23,78,0.295,8,37,0.216,21,27,0.778,6,30,36,14,8,3,15,17,75,-31,1
152,22021,1610612747,LAL,Los Angeles Lakers,0022100077,2021-10-29,LAL vs. CLE,W,240,46,84,0.548,12,27,0.444,9,10,0.9,11,31,42,24,9,6,22,20,113,12,1
153,22021,1610612739,CLE,Cleveland Cavaliers,0022100077,2021-10-29,CLE @ LAL,L,240,37,87,0.425,12,34,0.353,15,22,0.682,16,20,36,28,10,1,15,13,101,-12,1
154,22021,1610612744,GSW,Golden State Warriors,0022100086,2021-10-30,GSW vs. OKC,W,240,39,92,0.424,21,54,0.389,4,8,0.5,10,46,56,30,9,8,16,21,103,21,1
155,22021,1610612760,OKC,Oklahoma City Thunder,0022100086,2021-10-30,OKC @ GSW,L,240,29,83,0.349,8,39,0.205,16,21,0.762,3,42,45,14,8,6,16,8,82,-21,1
156,22021,1610612748,MIA,Miami Heat,0022100084,2021-10-30,MIA @ MEM,W,240,46,88,0.523,21,37,0.568,16,19,0.842,11,39,50,31,12,2,18,17,129,26,1
157,22021,1610612763,MEM,Memphis Grizzlies,0022100084,2021-10-30,MEM vs. MIA,L,240,34,88,0.386,16,50,0.32,19,21,0.905,8,24,32,26,14,7,14,17,103,-26,1
158,22021,1610612738,BOS,Boston Celtics,0022100078,2021-10-30,BOS @ WAS,L,290,44,107,0.411,2,26,0.077,22,25,0.88,8,46,54,23,8,10,12,32,112,-3,1
159,22021,1610612764,WAS,Washington Wizards,0022100078,2021-10-30,WAS vs. BOS,W,290,38,104,0.365,10,36,0.278,29,36,0.806,12,50,62,19,6,7,13,22,115,3,1
160,22021,1610612740,NOP,New Orleans Pelicans,0022100080,2021-10-30,NOP vs. NYK,L,240,42,92,0.457,11,33,0.333,22,24,0.917,12,31,43,30,7,3,12,24,117,-6,1
161,22021,1610612752,NYK,New York Knicks,0022100080,2021-10-30,NYK @ NOP,W,240,42,81,0.519,19,33,0.576,20,25,0.8,5,32,37,22,7,4,12,21,123,6,1
162,22021,1610612762,UTA,Utah Jazz,0022100083,2021-10-30,UTA @ CHI,L,240,35,92,0.38,11,38,0.289,18,19,0.947,14,40,54,15,5,7,20,21,99,-8,1
163,22021,1610612741,CHI,Chicago Bulls,0022100083,2021-10-30,CHI vs. UTA,W,240,39,91,0.429,5,21,0.238,24,30,0.8,9,36,45,16,8,5,9,19,107,8,1
164,22021,1610612765,DET,Detroit Pistons,0022100079,2021-10-30,DET vs. ORL,W,240,36,89,0.404,14,43,0.326,24,30,0.8,17,31,48,26,12,6,16,18,110,7,1
165,22021,1610612753,ORL,Orlando Magic,0022100079,2021-10-30,ORL @ DET,L,240,38,87,0.437,16,32,0.5,11,15,0.733,12,34,46,21,5,6,18,21,103,-7,1
166,22021,1610612754,IND,Indiana Pacers,0022100081,2021-10-30,IND vs. TOR,L,240,35,81,0.432,13,43,0.302,11,16,0.688,8,32,40,25,8,10,20,17,94,-3,1
167,22021,1610612761,TOR,Toronto Raptors,0022100081,2021-10-30,TOR @ IND,W,240,39,92,0.424,11,32,0.344,8,12,0.667,12,36,48,18,8,4,18,17,97,3,1
168,22021,1610612737,ATL,Atlanta Hawks,0022100082,2021-10-30,ATL @ PHI,L,240,36,95,0.379,8,22,0.364,14,19,0.737,20,29,49,24,6,1,19,17,94,-28,1
169,22021,1610612755,PHI,Philadelphia 76ers,0022100082,2021-10-30,PHI vs. ATL,W,240,46,86,0.535,12,38,0.316,18,19,0.947,5,32,37,24,11,6,12,24,122,28,1
170,22021,1610612749,MIL,Milwaukee Bucks,0022100085,2021-10-30,MIL vs. SAS,L,240,36,89,0.404,10,39,0.256,11,16,0.688,9,43,52,20,6,2,21,18,93,-9,1
171,22021,1610612759,SAS,San Antonio Spurs,0022100085,2021-10-30,SAS @ MIL,W,240,39,95,0.411,7,31,0.226,17,24,0.708,8,41,49,28,12,3,10,13,102,9,1
172,22021,1610612743,DEN,Denver Nuggets,0022100087,2021-10-30,DEN @ MIN,W,240,36,88,0.409,9,37,0.243,12,16,0.75,14,34,48,24,11,10,18,15,93,2,1
173,22021,1610612750,MIN,Minnesota Timberwolves,0022100087,2021-10-30,MIN vs. DEN,L,240,35,89,0.393,13,41,0.317,8,9,0.889,15,31,46,21,8,6,20,23,91,-2,1
174,22021,1610612756,PHX,Phoenix Suns,0022100088,2021-10-30,PHX vs. CLE,W,240,39,84,0.464,6,26,0.231,17,27,0.63,8,44,52,27,12,3,15,14,101,9,1
175,22021,1610612739,CLE,Cleveland Cavaliers,0022100088,2021-10-30,CLE @ PHX,L,240,36,91,0.396,14,44,0.318,6,7,0.857,10,37,47,21,8,3,19,21,92,-9,1
176,22021,1610612766,CHA,Charlotte Hornets,0022100090,2021-10-31,CHA vs. POR,W,240,46,89,0.517,20,42,0.476,13,21,0.619,10,34,44,36,4,6,9,18,125,12,1
177,22021,1610612757,POR,Portland Trail Blazers,0022100090,2021-10-31,POR @ CHA,L,240,43,97,0.443,17,54,0.315,10,11,0.909,15,32,47,30,4,5,12,18,113,-12,1
178,22021,1610612751,BKN,Brooklyn Nets,0022100092,2021-10-31,BKN vs. DET,W,240,47,72,0.653,13,25,0.52,10,16,0.625,2,39,41,30,7,2,20,19,117,26,1
179,22021,1610612765,DET,Detroit Pistons,0022100092,2021-10-31,DET @ BKN,L,240,32,79,0.405,12,33,0.364,15,22,0.682,7,22,29,21,12,3,15,18,91,-26,1
180,22021,1610612745,HOU,Houston Rockets,0022100093,2021-10-31,HOU @ LAL,L,240,32,76,0.421,6,28,0.214,15,29,0.517,10,45,55,18,8,3,27,18,85,-10,1
181,22021,1610612747,LAL,Los Angeles Lakers,0022100093,2021-10-31,LAL vs. HOU,W,240,39,96,0.406,9,31,0.29,8,13,0.615,10,33,43,22,15,9,14,20,95,10,1
182,22021,1610612758,SAC,Sacramento Kings,0022100089,2021-10-31,SAC @ DAL,L,240,38,96,0.396,7,36,0.194,16,20,0.8,17,39,56,20,6,3,13,19,99,-6,1
183,22021,1610612742,DAL,Dallas Mavericks,0022100089,2021-10-31,DAL vs. SAC,W,240,40,90,0.444,12,37,0.324,13,20,0.65,10,35,45,24,8,4,10,20,105,6,1
184,22021,1610612749,MIL,Milwaukee Bucks,0022100091,2021-10-31,MIL vs. UTA,L,240,39,96,0.406,12,41,0.293,5,6,0.833,13,31,44,16,7,3,11,22,95,-12,1
185,22021,1610612762,UTA,Utah Jazz,0022100091,2021-10-31,UTA @ MIL,W,240,35,75,0.467,12,37,0.324,25,27,0.926,7,37,44,13,6,10,13,10,107,12,1
186,22021,1610612754,IND,Indiana Pacers,0022100095,2021-11-01,IND vs. SAS,W,240,52,91,0.571,18,38,0.474,9,12,0.75,10,29,39,37,11,4,16,19,131,13,1
187,22021,1610612759,SAS,San Antonio Spurs,0022100095,2021-11-01,SAS @ IND,L,240,47,89,0.528,14,28,0.5,10,14,0.714,8,28,36,34,6,4,17,9,118,-13,1
188,22021,1610612755,PHI,Philadelphia 76ers,0022100096,2021-11-01,PHI vs. POR,W,240,43,83,0.518,13,36,0.361,14,16,0.875,7,27,34,34,11,6,11,18,113,10,1
189,22021,1610612757,POR,Portland Trail Blazers,0022100096,2021-11-01,POR @ PHI,L,240,40,84,0.476,12,34,0.353,11,18,0.611,13,32,45,21,5,2,15,15,103,-10,1
190,22021,1610612766,CHA,Charlotte Hornets,0022100094,2021-11-01,CHA vs. CLE,L,240,42,101,0.416,15,39,0.385,11,15,0.733,20,26,46,27,12,12,17,23,110,-3,1
191,22021,1610612739,CLE,Cleveland Cavaliers,0022100094,2021-11-01,CLE @ CHA,W,240,39,90,0.433,9,28,0.321,26,38,0.684,17,32,49,21,12,7,16,14,113,3,1
192,22021,1610612741,CHI,Chicago Bulls,0022100098,2021-11-01,CHI @ BOS,W,240,49,86,0.57,13,31,0.419,17,18,0.944,10,40,50,30,7,8,18,19,128,14,1
193,22021,1610612738,BOS,Boston Celtics,0022100098,2021-11-01,BOS vs. CHI,L,240,42,96,0.438,15,33,0.455,15,20,0.75,13,25,38,20,10,1,9,15,114,-14,1
194,22021,1610612737,ATL,Atlanta Hawks,0022100097,2021-11-01,ATL vs. WAS,W,240,38,83,0.458,13,34,0.382,29,29,1.0,13,34,47,24,9,5,11,17,118,7,1
195,22021,1610612764,WAS,Washington Wizards,0022100097,2021-11-01,WAS @ ATL,L,240,41,86,0.477,13,39,0.333,16,16,1.0,7,29,36,27,7,4,12,24,111,-7,1
196,22021,1610612763,MEM,Memphis Grizzlies,0022100100,2021-11-01,MEM vs. DEN,W,240,44,97,0.454,13,34,0.382,5,7,0.714,11,44,55,20,8,4,13,18,106,9,1
197,22021,1610612743,DEN,Denver Nuggets,0022100100,2021-11-01,DEN @ MEM,L,240,39,88,0.443,9,38,0.237,10,15,0.667,6,34,40,27,8,8,12,10,97,-9,1
198,22021,1610612753,ORL,Orlando Magic,0022100101,2021-11-01,ORL @ MIN,W,240,37,82,0.451,17,43,0.395,24,30,0.8,12,39,51,21,5,7,16,19,115,18,1
199,22021,1610612750,MIN,Minnesota Timberwolves,0022100101,2021-11-01,MIN vs. ORL,L,240,36,97,0.371,14,51,0.275,11,19,0.579,16,31,47,21,8,1,14,20,97,-18,1
200,22021,1610612760,OKC,Oklahoma City Thunder,0022100102,2021-11-01,OKC @ LAC,L,240,35,90,0.389,11,37,0.297,13,16,0.813,10,41,51,17,8,6,16,18,94,-5,1
201,22021,1610612746,LAC,LA Clippers,0022100102,2021-11-01,LAC vs. OKC,W,240,35,92,0.38,15,42,0.357,14,19,0.737,13,38,51,18,8,5,14,14,99,5,1
202,22021,1610612761,TOR,Toronto Raptors,0022100099,2021-11-01,TOR @ NYK,W,240,43,99,0.434,14,42,0.333,13,14,0.929,13,35,48,24,12,4,9,20,113,9,1
203,22021,1610612752,NYK,New York Knicks,0022100099,2021-11-01,NYK vs. TOR,L,240,35,76,0.461,16,38,0.421,18,24,0.75,7,34,41,20,3,4,17,13,104,-9,1
204,22021,1610612762,UTA,Utah Jazz,0022100105,2021-11-02,UTA vs. SAC,W,240,43,98,0.439,14,48,0.292,19,27,0.704,15,44,59,16,7,6,17,23,119,6,1
205,22021,1610612758,SAC,Sacramento Kings,0022100105,2021-11-02,SAC @ UTA,L,240,42,93,0.452,12,31,0.387,17,24,0.708,6,32,38,24,8,8,11,24,113,-6,1
206,22021,1610612756,PHX,Phoenix Suns,0022100106,2021-11-02,PHX vs. NOP,W,240,43,82,0.524,9,26,0.346,17,18,0.944,7,35,42,32,8,4,19,17,112,12,1
207,22021,1610612740,NOP,New Orleans Pelicans,0022100106,2021-11-02,NOP @ PHX,L,240,36,91,0.396,13,39,0.333,15,16,0.938,14,29,43,21,17,6,18,16,100,-12,1
208,22021,1610612747,LAL,Los Angeles Lakers,0022100107,2021-11-02,LAL vs. HOU,W,240,49,93,0.527,6,25,0.24,15,20,0.75,11,32,43,26,10,4,17,19,119,2,1
209,22021,1610612745,HOU,Houston Rockets,0022100107,2021-11-02,HOU @ LAL,L,240,48,91,0.527,16,42,0.381,5,12,0.417,11,27,38,27,8,4,25,21,117,-2,1
210,22021,1610612765,DET,Detroit Pistons,0022100103,2021-11-02,DET vs. MIL,L,240,30,93,0.323,8,47,0.17,21,30,0.7,14,29,43,21,5,5,14,22,89,-28,1
211,22021,1610612749,MIL,Milwaukee Bucks,0022100103,2021-11-02,MIL @ DET,W,240,42,84,0.5,17,37,0.459,16,21,0.762,9,43,52,28,7,8,17,23,117,28,1
212,22021,1610612748,MIA,Miami Heat,0022100104,2021-11-02,MIA @ DAL,W,240,43,83,0.518,13,25,0.52,26,30,0.867,9,36,45,25,6,5,7,25,125,15,1
213,22021,1610612742,DAL,Dallas Mavericks,0022100104,2021-11-02,DAL vs. MIA,L,240,37,84,0.44,14,42,0.333,22,31,0.71,11,30,41,17,1,3,10,21,110,-15,1
214,22021,1610612758,SAC,Sacramento Kings,0022100118,2021-11-03,SAC vs. NOP,W,240,42,80,0.525,10,30,0.333,18,22,0.818,4,33,37,27,8,7,8,21,112,13,1
215,22021,1610612740,NOP,New Orleans Pelicans,0022100118,2021-11-03,NOP @ SAC,L,240,37,86,0.43,12,34,0.353,13,15,0.867,8,32,40,24,1,3,17,16,99,-13,1
216,22021,1610612761,TOR,Toronto Raptors,0022100112,2021-11-03,TOR @ WAS,W,240,41,88,0.466,10,25,0.4,17,20,0.85,10,32,42,17,10,3,12,23,109,9,1
217,22021,1610612764,WAS,Washington Wizards,0022100112,2021-11-03,WAS vs. TOR,L,240,34,78,0.436,8,32,0.25,24,30,0.8,10,34,44,19,6,7,13,15,100,-9,1
218,22021,1610612753,ORL,Orlando Magic,0022100110,2021-11-03,ORL vs. BOS,L,240,27,84,0.321,9,43,0.209,16,20,0.8,8,38,46,15,8,1,15,20,79,-13,1
219,22021,1610612738,BOS,Boston Celtics,0022100110,2021-11-03,BOS @ ORL,W,240,33,79,0.418,10,37,0.27,16,25,0.64,9,41,50,24,7,9,11,20,92,13,1
220,22021,1610612757,POR,Portland Trail Blazers,0022100108,2021-11-03,POR @ CLE,L,240,40,90,0.444,13,37,0.351,11,17,0.647,10,29,39,24,12,6,9,19,104,-3,1
221,22021,1610612739,CLE,Cleveland Cavaliers,0022100108,2021-11-03,CLE vs. POR,W,240,39,74,0.527,15,30,0.5,14,18,0.778,5,38,43,29,4,2,19,14,107,3,1
222,22021,1610612755,PHI,Philadelphia 76ers,0022100111,2021-11-03,PHI vs. CHI,W,240,38,77,0.494,12,28,0.429,15,21,0.714,5,30,35,24,9,4,14,15,103,5,1
223,22021,1610612741,CHI,Chicago Bulls,0022100111,2021-11-03,CHI @ PHI,L,240,38,82,0.463,6,21,0.286,16,18,0.889,9,38,47,19,11,4,16,17,98,-5,1
224,22021,1610612751,BKN,Brooklyn Nets,0022100113,2021-11-03,BKN vs. ATL,W,240,43,88,0.489,22,48,0.458,9,12,0.75,7,35,42,34,7,8,16,18,117,9,1
225,22021,1610612737,ATL,Atlanta Hawks,0022100113,2021-11-03,ATL @ BKN,L,240,41,94,0.436,13,35,0.371,13,15,0.867,12,40,52,23,8,4,14,16,108,-9,1
226,22021,1610612763,MEM,Memphis Grizzlies,0022100114,2021-11-03,MEM vs. DEN,W,240,42,81,0.519,16,34,0.471,8,14,0.571,3,33,36,28,9,7,12,16,108,2,1
227,22021,1610612743,DEN,Denver Nuggets,0022100114,2021-11-03,DEN @ MEM,L,240,43,91,0.473,8,27,0.296,12,13,0.923,11,33,44,24,7,4,12,16,106,-2,1
228,22021,1610612746,LAC,LA Clippers,0022100115,2021-11-03,LAC @ MIN,W,240,47,78,0.603,21,36,0.583,11,12,0.917,3,32,35,33,6,7,21,14,126,11,1
229,22021,1610612750,MIN,Minnesota Timberwolves,0022100115,2021-11-03,MIN vs. LAC,L,240,43,94,0.457,14,40,0.35,15,16,0.938,15,24,39,27,11,2,17,16,115,-11,1
230,22021,1610612759,SAS,San Antonio Spurs,0022100116,2021-11-03,SAS vs. DAL,L,240,43,88,0.489,7,21,0.333,15,20,0.75,5,35,40,25,10,10,15,24,108,-1,1
231,22021,1610612742,DAL,Dallas Mavericks,0022100116,2021-11-03,DAL @ SAS,W,240,40,93,0.43,8,34,0.235,21,29,0.724,15,41,56,21,10,4,19,23,109,1,1
232,22021,1610612744,GSW,Golden State Warriors,0022100117,2021-11-03,GSW vs. CHA,W,240,42,86,0.488,18,45,0.4,12,18,0.667,7,46,53,33,14,4,17,17,114,22,1
233,22021,1610612766,CHA,Charlotte Hornets,0022100117,2021-11-03,CHA @ GSW,L,240,34,91,0.374,10,36,0.278,14,19,0.737,9,40,49,18,10,2,16,14,92,-22,1
234,22021,1610612752,NYK,New York Knicks,0022100109,2021-11-03,NYK @ IND,L,240,36,87,0.414,5,24,0.208,21,27,0.778,14,32,46,23,7,6,10,19,98,-13,1
235,22021,1610612754,IND,Indiana Pacers,0022100109,2021-11-03,IND vs. NYK,W,240,42,91,0.462,16,41,0.39,11,14,0.786,10,39,49,26,7,7,13,22,111,13,1
236,22021,1610612755,PHI,Philadelphia 76ers,0022100119,2021-11-04,PHI @ DET,W,240,41,83,0.494,12,32,0.375,15,22,0.682,15,34,49,22,8,3,15,17,109,11,1
237,22021,1610612765,DET,Detroit Pistons,0022100119,2021-11-04,DET vs. PHI,L,240,35,87,0.402,11,36,0.306,17,19,0.895,12,29,41,21,6,2,11,18,98,-11,1
238,22021,1610612738,BOS,Boston Celtics,0022100121,2021-11-04,BOS @ MIA,W,240,31,78,0.397,16,41,0.39,17,20,0.85,11,35,46,16,7,4,16,16,95,17,1
239,22021,1610612748,MIA,Miami Heat,0022100121,2021-11-04,MIA vs. BOS,L,240,28,81,0.346,9,41,0.22,13,19,0.684,13,32,45,18,8,0,18,19,78,-17,1
240,22021,1610612762,UTA,Utah Jazz,0022100120,2021-11-04,UTA @ ATL,W,240,41,81,0.506,17,41,0.415,17,23,0.739,8,38,46,30,6,4,17,20,116,18,1
241,22021,1610612737,ATL,Atlanta Hawks,0022100120,2021-11-04,ATL vs. UTA,L,240,35,82,0.427,7,28,0.25,21,26,0.808,5,27,32,18,11,4,9,24,98,-18,1
242,22021,1610612745,HOU,Houston Rockets,0022100122,2021-11-04,HOU @ PHX,L,240,38,88,0.432,11,32,0.344,24,28,0.857,7,36,43,25,4,4,19,21,111,-12,1
243,22021,1610612756,PHX,Phoenix Suns,0022100122,2021-11-04,PHX vs. HOU,W,240,44,93,0.473,14,31,0.452,21,23,0.913,13,33,46,29,12,8,12,24,123,12,1
244,22021,1610612760,OKC,Oklahoma City Thunder,0022100123,2021-11-04,OKC @ LAL,W,240,37,87,0.425,15,41,0.366,18,26,0.692,12,38,50,23,7,2,16,16,107,3,1
245,22021,1610612747,LAL,Los Angeles Lakers,0022100123,2021-11-04,LAL vs. OKC,L,240,39,94,0.415,12,33,0.364,14,17,0.824,16,33,49,22,8,5,14,21,104,-3,1
246,22021,1610612752,NYK,New York Knicks,0022100128,2021-11-05,NYK @ MIL,W,240,41,96,0.427,10,40,0.25,21,26,0.808,20,39,59,16,12,4,15,17,113,15,1
247,22021,1610612749,MIL,Milwaukee Bucks,0022100128,2021-11-05,MIL vs. NYK,L,240,33,82,0.402,16,43,0.372,16,21,0.762,7,30,37,19,5,5,15,20,98,-15,1
248,22021,1610612759,SAS,San Antonio Spurs,0022100125,2021-11-05,SAS @ ORL,W,240,40,90,0.444,6,19,0.316,16,18,0.889,5,43,48,23,11,7,13,14,102,13,1
249,22021,1610612753,ORL,Orlando Magic,0022100125,2021-11-05,ORL vs. SAS,L,240,35,89,0.393,12,41,0.293,7,10,0.7,7,36,43,23,9,12,18,13,89,-13,1
250,22021,1610612764,WAS,Washington Wizards,0022100126,2021-11-05,WAS vs. MEM,W,240,49,84,0.583,10,25,0.4,7,13,0.538,5,48,53,34,4,6,19,13,115,28,1
251,22021,1610612763,MEM,Memphis Grizzlies,0022100126,2021-11-05,MEM @ WAS,L,240,34,96,0.354,6,31,0.194,13,17,0.765,12,27,39,19,12,4,9,15,87,-28,1
252,22021,1610612739,CLE,Cleveland Cavaliers,0022100127,2021-11-05,CLE @ TOR,W,240,38,83,0.458,10,30,0.333,16,19,0.842,11,28,39,22,4,3,18,13,102,1,1
253,22021,1610612761,TOR,Toronto Raptors,0022100127,2021-11-05,TOR vs. CLE,L,240,42,99,0.424,12,27,0.444,5,9,0.556,19,26,45,20,10,8,10,19,101,-1,1
254,22021,1610612740,NOP,New Orleans Pelicans,0022100130,2021-11-05,NOP @ GSW,L,240,31,88,0.352,11,44,0.25,12,16,0.75,11,31,42,23,6,3,19,18,85,-41,1
255,22021,1610612744,GSW,Golden State Warriors,0022100130,2021-11-05,GSW vs. NOP,W,240,47,91,0.516,20,50,0.4,12,14,0.857,9,40,49,36,10,4,11,16,126,41,1
256,22021,1610612746,LAC,LA Clippers,0022100129,2021-11-05,LAC @ MIN,W,240,36,88,0.409,6,28,0.214,26,32,0.813,15,47,62,18,12,4,17,16,104,20,1
257,22021,1610612750,MIN,Minnesota Timberwolves,0022100129,2021-11-05,MIN vs. LAC,L,240,31,89,0.348,17,52,0.327,5,7,0.714,7,35,42,17,8,7,22,33,84,-20,1
258,22021,1610612754,IND,Indiana Pacers,0022100131,2021-11-05,IND @ POR,L,240,43,88,0.489,14,42,0.333,6,10,0.6,7,33,40,28,8,2,11,18,106,-4,1
259,22021,1610612757,POR,Portland Trail Blazers,0022100131,2021-11-05,POR vs. IND,W,240,40,82,0.488,17,39,0.436,13,15,0.867,6,36,42,27,7,4,14,15,110,4,1
260,22021,1610612766,CHA,Charlotte Hornets,0022100132,2021-11-05,CHA @ SAC,L,240,43,92,0.467,11,35,0.314,13,21,0.619,7,21,28,29,8,5,10,19,110,-30,1
261,22021,1610612758,SAC,Sacramento Kings,0022100132,2021-11-05,SAC vs. CHA,W,240,48,87,0.552,22,44,0.5,22,26,0.846,13,43,56,29,5,1,18,21,140,30,1
262,22021,1610612751,BKN,Brooklyn Nets,0022100124,2021-11-05,BKN @ DET,W,240,36,80,0.45,11,27,0.407,13,14,0.929,4,41,45,25,3,4,17,21,96,6,1
263,22021,1610612765,DET,Detroit Pistons,0022100124,2021-11-05,DET vs. BKN,L,240,33,87,0.379,11,34,0.324,13,18,0.722,7,37,44,17,11,6,14,22,90,-6,1
264,22021,1610612748,MIA,Miami Heat,0022100134,2021-11-06,MIA vs. UTA,W,240,47,78,0.603,11,21,0.524,13,17,0.765,7,29,36,30,3,1,14,18,118,3,1
265,22021,1610612762,UTA,Utah Jazz,0022100134,2021-11-06,UTA @ MIA,L,240,43,83,0.518,15,45,0.333,14,19,0.737,7,24,31,26,10,3,6,19,115,-3,1
266,22021,1610612741,CHI,Chicago Bulls,0022100135,2021-11-06,CHI vs. PHI,L,240,37,92,0.402,7,29,0.241,24,30,0.8,18,28,46,20,7,1,9,19,105,-9,1
267,22021,1610612755,PHI,Philadelphia 76ers,0022100135,2021-11-06,PHI @ CHI,W,240,43,81,0.531,13,26,0.5,15,19,0.789,6,35,41,22,6,5,14,22,114,9,1
268,22021,1610612742,DAL,Dallas Mavericks,0022100136,2021-11-06,DAL vs. BOS,W,240,41,78,0.526,13,39,0.333,12,14,0.857,7,33,40,19,7,6,15,18,107,3,1
269,22021,1610612738,BOS,Boston Celtics,0022100136,2021-11-06,BOS @ DAL,L,240,42,86,0.488,9,31,0.29,11,16,0.688,8,28,36,20,6,2,11,14,104,-3,1
270,22021,1610612737,ATL,Atlanta Hawks,0022100137,2021-11-06,ATL @ PHX,L,240,42,97,0.433,13,33,0.394,20,23,0.87,14,36,50,18,3,1,12,16,117,-4,1
271,22021,1610612756,PHX,Phoenix Suns,0022100137,2021-11-06,PHX vs. ATL,W,240,45,88,0.511,14,43,0.326,17,21,0.81,5,37,42,26,8,6,12,22,121,4,1
272,22021,1610612757,POR,Portland Trail Blazers,0022100138,2021-11-06,POR vs. LAL,W,240,36,95,0.379,15,55,0.273,18,24,0.75,12,40,52,22,14,7,12,21,105,15,1
273,22021,1610612747,LAL,Los Angeles Lakers,0022100138,2021-11-06,LAL @ POR,L,240,31,90,0.344,9,32,0.281,19,24,0.792,11,48,59,20,8,5,19,17,90,-15,1
274,22021,1610612745,HOU,Houston Rockets,0022100133,2021-11-06,HOU @ DEN,L,240,35,75,0.467,8,28,0.286,16,24,0.667,7,40,47,19,8,6,17,16,94,-1,1
275,22021,1610612743,DEN,Denver Nuggets,0022100133,2021-11-06,DEN vs. HOU,W,240,36,89,0.404,9,40,0.225,14,17,0.824,10,35,45,19,10,5,11,20,95,1,1
276,22021,1610612739,CLE,Cleveland Cavaliers,0022100140,2021-11-07,CLE @ NYK,W,240,49,90,0.544,19,35,0.543,9,11,0.818,11,37,48,31,8,2,17,18,126,17,1
277,22021,1610612752,NYK,New York Knicks,0022100140,2021-11-07,NYK vs. CLE,L,240,39,85,0.459,9,31,0.29,22,24,0.917,7,25,32,21,9,9,11,14,109,-17,1
278,22021,1610612762,UTA,Utah Jazz,0022100141,2021-11-07,UTA @ ORL,L,240,34,89,0.382,8,42,0.19,24,29,0.828,16,34,50,21,10,7,18,17,100,-7,1
279,22021,1610612753,ORL,Orlando Magic,0022100141,2021-11-07,ORL vs. UTA,W,240,43,87,0.494,12,32,0.375,9,11,0.818,7,32,39,24,8,8,13,22,107,7,1
280,22021,1610612745,HOU,Houston Rockets,0022100145,2021-11-07,HOU @ GSW,L,240,36,79,0.456,10,33,0.303,25,37,0.676,12,30,42,17,11,3,21,16,107,-13,1
281,22021,1610612744,GSW,Golden State Warriors,0022100145,2021-11-07,GSW vs. HOU,W,240,44,85,0.518,15,46,0.326,17,20,0.85,7,34,41,31,12,3,17,28,120,13,1
282,22021,1610612746,LAC,LA Clippers,0022100146,2021-11-07,LAC vs. CHA,W,240,41,86,0.477,18,48,0.375,20,21,0.952,7,43,50,24,8,5,20,16,120,14,1
283,22021,1610612766,CHA,Charlotte Hornets,0022100146,2021-11-07,CHA @ LAC,L,240,41,101,0.406,10,33,0.303,14,18,0.778,12,32,44,20,13,2,13,21,106,-14,1
284,22021,1610612754,IND,Indiana Pacers,0022100143,2021-11-07,IND @ SAC,W,240,37,83,0.446,6,25,0.24,14,18,0.778,13,41,54,13,8,7,21,24,94,3,1
285,22021,1610612758,SAC,Sacramento Kings,0022100143,2021-11-07,SAC vs. IND,L,240,31,84,0.369,10,34,0.294,19,22,0.864,8,25,33,20,14,6,12,18,91,-3,1
286,22021,1610612764,WAS,Washington Wizards,0022100142,2021-11-07,WAS vs. MIL,W,240,41,81,0.506,11,27,0.407,8,13,0.615,4,38,42,24,8,8,19,16,101,7,1
287,22021,1610612749,MIL,Milwaukee Bucks,0022100142,2021-11-07,MIL @ WAS,L,240,37,94,0.394,10,36,0.278,10,18,0.556,16,33,49,17,14,3,13,10,94,-7,1
288,22021,1610612761,TOR,Toronto Raptors,0022100139,2021-11-07,TOR vs. BKN,L,240,41,87,0.471,7,30,0.233,14,18,0.778,8,27,35,23,10,6,8,16,103,-13,1
289,22021,1610612751,BKN,Brooklyn Nets,0022100139,2021-11-07,BKN @ TOR,W,240,41,80,0.513,17,38,0.447,17,20,0.85,12,36,48,29,3,0,16,15,116,13,1
290,22021,1610612760,OKC,Oklahoma City Thunder,0022100144,2021-11-07,OKC vs. SAS,W,240,35,94,0.372,12,42,0.286,17,20,0.85,15,42,57,21,5,7,15,14,99,5,1
291,22021,1610612759,SAS,San Antonio Spurs,0022100144,2021-11-07,SAS @ OKC,L,240,41,100,0.41,6,30,0.2,6,9,0.667,11,35,46,29,9,10,10,16,94,-5,1
292,22021,1610612752,NYK,New York Knicks,0022100147,2021-11-08,NYK @ PHI,W,240,40,91,0.44,13,40,0.325,10,13,0.769,14,41,55,25,4,4,13,18,103,7,1
293,22021,1610612755,PHI,Philadelphia 76ers,0022100147,2021-11-08,PHI vs. NYK,L,240,35,91,0.385,13,40,0.325,13,16,0.813,12,35,47,20,7,6,9,13,96,-7,1
294,22021,1610612741,CHI,Chicago Bulls,0022100148,2021-11-08,CHI vs. BKN,W,240,46,98,0.469,9,31,0.29,17,20,0.85,15,41,56,21,8,5,9,17,118,23,1
295,22021,1610612751,BKN,Brooklyn Nets,0022100148,2021-11-08,BKN @ CHI,L,240,34,86,0.395,11,33,0.333,16,19,0.842,6,36,42,19,6,7,15,16,95,-23,1
296,22021,1610612740,NOP,New Orleans Pelicans,0022100150,2021-11-08,NOP @ DAL,L,240,37,87,0.425,9,34,0.265,9,11,0.818,9,30,39,27,7,0,14,16,92,-16,1
297,22021,1610612742,DAL,Dallas Mavericks,0022100150,2021-11-08,DAL vs. NOP,W,240,43,85,0.506,14,35,0.4,8,13,0.615,9,37,46,27,7,3,13,15,108,16,1
298,22021,1610612750,MIN,Minnesota Timberwolves,0022100149,2021-11-08,MIN @ MEM,L,265,41,97,0.423,17,45,0.378,19,23,0.826,15,30,45,23,7,8,16,27,118,-7,1
299,22021,1610612763,MEM,Memphis Grizzlies,0022100149,2021-11-08,MEM vs. MIN,W,265,46,92,0.5,11,28,0.393,22,26,0.846,15,36,51,28,7,8,16,22,125,7,1
300,22021,1610612748,MIA,Miami Heat,0022100151,2021-11-08,MIA @ DEN,L,240,31,78,0.397,13,36,0.361,21,25,0.84,6,31,37,22,3,3,13,20,96,-17,1
301,22021,1610612743,DEN,Denver Nuggets,0022100151,2021-11-08,DEN vs. MIA,W,240,42,91,0.462,12,41,0.293,17,24,0.708,12,37,49,28,7,5,10,23,113,17,1
302,22021,1610612756,PHX,Phoenix Suns,0022100153,2021-11-08,PHX @ SAC,W,240,44,93,0.473,12,30,0.4,9,11,0.818,5,33,38,28,14,9,15,21,109,5,1
303,22021,1610612758,SAC,Sacramento Kings,0022100153,2021-11-08,SAC vs. PHX,L,240,37,82,0.451,10,24,0.417,20,26,0.769,8,38,46,18,6,6,24,18,104,-5,1
304,22021,1610612737,ATL,Atlanta Hawks,0022100152,2021-11-08,ATL @ GSW,L,240,38,82,0.463,17,43,0.395,20,26,0.769,3,32,35,21,6,2,18,16,113,-14,1
305,22021,1610612744,GSW,Golden State Warriors,0022100152,2021-11-08,GSW vs. ATL,W,240,44,92,0.478,18,44,0.409,21,22,0.955,10,29,39,31,13,4,14,22,127,14,1
306,22021,1610612747,LAL,Los Angeles Lakers,0022100154,2021-11-08,LAL vs. CHA,W,265,44,91,0.484,13,32,0.406,25,35,0.714,8,43,51,30,11,8,15,23,126,3,1
307,22021,1610612766,CHA,Charlotte Hornets,0022100154,2021-11-08,CHA @ LAL,L,265,43,99,0.434,14,42,0.333,23,28,0.821,14,41,55,23,5,3,18,23,123,-3,1
308,22021,1610612749,MIL,Milwaukee Bucks,0022100155,2021-11-09,MIL @ PHI,W,240,44,95,0.463,15,39,0.385,15,21,0.714,12,40,52,21,5,6,9,10,118,9,1
309,22021,1610612755,PHI,Philadelphia 76ers,0022100155,2021-11-09,PHI vs. MIL,L,240,42,103,0.408,14,43,0.326,11,12,0.917,13,33,46,21,7,7,7,20,109,-9,1
310,22021,1610612737,ATL,Atlanta Hawks,0022100156,2021-11-09,ATL @ UTA,L,240,37,85,0.435,18,35,0.514,6,10,0.6,6,26,32,22,6,5,13,18,98,-12,1
311,22021,1610612762,UTA,Utah Jazz,0022100156,2021-11-09,UTA vs. ATL,W,240,41,81,0.506,15,38,0.395,13,16,0.813,8,36,44,21,8,4,15,20,110,12,1
312,22021,1610612746,LAC,LA Clippers,0022100157,2021-11-09,LAC vs. POR,W,240,44,85,0.518,16,30,0.533,13,19,0.684,5,38,43,25,5,0,8,17,117,8,1
313,22021,1610612757,POR,Portland Trail Blazers,0022100157,2021-11-09,POR @ LAC,L,240,43,91,0.473,14,37,0.378,9,12,0.75,9,34,43,29,6,5,10,15,109,-8,1
314,22021,1610612753,ORL,Orlando Magic,0022100159,2021-11-10,ORL vs. BKN,L,240,35,92,0.38,4,33,0.121,16,24,0.667,12,37,49,19,10,3,17,18,90,-33,1
315,22021,1610612751,BKN,Brooklyn Nets,0022100159,2021-11-10,BKN @ ORL,W,240,46,91,0.505,16,37,0.432,15,17,0.882,8,41,49,29,8,5,15,18,123,33,1
316,22021,1610612739,CLE,Cleveland Cavaliers,0022100158,2021-11-10,CLE vs. WAS,L,240,35,76,0.461,9,31,0.29,15,21,0.714,6,34,40,21,7,4,15,18,94,-3,1
317,22021,1610612764,WAS,Washington Wizards,0022100158,2021-11-10,WAS @ CLE,W,240,35,84,0.417,10,28,0.357,17,17,1.0,12,37,49,25,9,2,12,20,97,3,1
318,22021,1610612738,BOS,Boston Celtics,0022100160,2021-11-10,BOS vs. TOR,W,240,42,94,0.447,10,29,0.345,10,15,0.667,12,32,44,21,10,5,15,13,104,16,1
319,22021,1610612761,TOR,Toronto Raptors,0022100160,2021-11-10,TOR @ BOS,L,240,33,77,0.429,6,25,0.24,16,19,0.842,6,35,41,20,8,8,18,17,88,-16,1
320,22021,1610612749,MIL,Milwaukee Bucks,0022100161,2021-11-10,MIL @ NYK,W,240,40,90,0.444,26,50,0.52,6,9,0.667,13,37,50,29,4,4,15,17,112,12,1
321,22021,1610612752,NYK,New York Knicks,0022100161,2021-11-10,NYK vs. MIL,L,240,36,83,0.434,16,37,0.432,12,17,0.706,7,31,38,19,9,10,11,17,100,-12,1
322,22021,1610612745,HOU,Houston Rockets,0022100162,2021-11-10,HOU vs. DET,L,240,35,82,0.427,12,34,0.353,22,34,0.647,8,34,42,17,5,5,16,20,104,-8,1
323,22021,1610612765,DET,Detroit Pistons,0022100162,2021-11-10,DET @ HOU,W,240,42,97,0.433,16,48,0.333,12,18,0.667,16,33,49,23,6,6,14,26,112,8,1
324,22021,1610612741,CHI,Chicago Bulls,0022100163,2021-11-10,CHI vs. DAL,W,240,45,89,0.506,15,31,0.484,12,14,0.857,8,38,46,26,9,2,11,15,117,10,1
325,22021,1610612742,DAL,Dallas Mavericks,0022100163,2021-11-10,DAL @ CHI,L,240,38,83,0.458,12,33,0.364,19,24,0.792,8,35,43,23,9,4,12,16,107,-10,1
326,22021,1610612740,NOP,New Orleans Pelicans,0022100165,2021-11-10,NOP vs. OKC,L,240,34,97,0.351,9,35,0.257,23,32,0.719,19,31,50,24,13,5,10,20,100,-8,1
327,22021,1610612760,OKC,Oklahoma City Thunder,0022100165,2021-11-10,OKC @ NOP,W,240,37,87,0.425,10,34,0.294,24,30,0.8,13,43,56,23,6,4,18,23,108,8,1
328,22021,1610612757,POR,Portland Trail Blazers,0022100168,2021-11-10,POR @ PHX,L,240,44,91,0.484,7,30,0.233,14,16,0.875,14,32,46,24,5,2,16,21,109,-10,1
329,22021,1610612756,PHX,Phoenix Suns,0022100168,2021-11-10,PHX vs. POR,W,240,49,94,0.521,11,28,0.393,10,12,0.833,9,30,39,27,6,6,11,20,119,10,1
330,22021,1610612758,SAC,Sacramento Kings,0022100166,2021-11-10,SAC @ SAS,L,240,47,91,0.516,10,36,0.278,13,16,0.813,11,33,44,20,4,6,15,26,117,-19,1
331,22021,1610612759,SAS,San Antonio Spurs,0022100166,2021-11-10,SAS vs. SAC,W,240,49,92,0.533,18,32,0.563,20,31,0.645,12,31,43,34,11,3,8,16,136,19,1
332,22021,1610612743,DEN,Denver Nuggets,0022100167,2021-11-10,DEN vs. IND,W,240,36,84,0.429,12,30,0.4,17,20,0.85,11,28,39,19,5,4,10,14,101,3,1
333,22021,1610612754,IND,Indiana Pacers,0022100167,2021-11-10,IND @ DEN,L,240,40,84,0.476,11,31,0.355,7,11,0.636,10,38,48,22,5,11,15,19,98,-3,1
334,22021,1610612763,MEM,Memphis Grizzlies,0022100164,2021-11-10,MEM vs. CHA,L,240,45,107,0.421,9,38,0.237,9,15,0.6,20,37,57,27,14,8,16,18,108,-10,1
335,22021,1610612766,CHA,Charlotte Hornets,0022100164,2021-11-10,CHA @ MEM,W,240,41,90,0.456,15,36,0.417,21,24,0.875,9,40,49,32,13,7,17,16,118,10,1
336,22021,1610612750,MIN,Minnesota Timberwolves,0022100169,2021-11-10,MIN @ GSW,L,240,39,95,0.411,17,44,0.386,15,20,0.75,17,23,40,30,8,4,17,28,110,-13,1
337,22021,1610612744,GSW,Golden State Warriors,0022100169,2021-11-10,GSW vs. MIN,W,240,40,85,0.471,11,40,0.275,32,40,0.8,20,33,53,23,14,6,16,21,123,13,1
338,22021,1610612748,MIA,Miami Heat,0022100170,2021-11-10,MIA @ LAL,L,265,40,96,0.417,10,37,0.27,27,35,0.771,11,36,47,26,14,2,14,25,117,-3,1
339,22021,1610612747,LAL,Los Angeles Lakers,0022100170,2021-11-10,LAL vs. MIA,W,265,46,92,0.5,18,38,0.474,10,16,0.625,9,41,50,26,5,6,23,27,120,3,1
340,22021,1610612748,MIA,Miami Heat,0022100173,2021-11-11,MIA @ LAC,L,240,43,97,0.443,9,41,0.22,14,17,0.824,18,32,50,18,9,4,15,21,109,-3,1
341,22021,1610612746,LAC,LA Clippers,0022100173,2021-11-11,LAC vs. MIA,W,240,43,91,0.473,11,37,0.297,15,17,0.882,9,33,42,20,9,9,12,14,112,3,1
342,22021,1610612755,PHI,Philadelphia 76ers,0022100171,2021-11-11,PHI vs. TOR,L,240,40,88,0.455,11,34,0.324,18,19,0.947,9,30,39,29,8,8,12,16,109,-6,1
343,22021,1610612761,TOR,Toronto Raptors,0022100171,2021-11-11,TOR @ PHI,W,240,42,96,0.438,14,33,0.424,17,17,1.0,16,31,47,25,10,7,12,18,115,6,1
344,22021,1610612754,IND,Indiana Pacers,0022100172,2021-11-11,IND @ UTA,W,240,43,96,0.448,11,31,0.355,14,19,0.737,15,38,53,19,7,5,13,23,111,11,1
345,22021,1610612762,UTA,Utah Jazz,0022100172,2021-11-11,UTA vs. IND,L,240,39,83,0.47,9,32,0.281,13,23,0.565,7,30,37,22,6,4,12,16,100,-11,1
346,22021,1610612751,BKN,Brooklyn Nets,0022100179,2021-11-12,BKN @ NOP,W,240,41,82,0.5,18,34,0.529,20,27,0.741,7,27,34,27,9,4,12,20,120,8,1
347,22021,1610612740,NOP,New Orleans Pelicans,0022100179,2021-11-12,NOP vs. BKN,L,240,43,88,0.489,13,32,0.406,13,16,0.813,12,31,43,26,6,5,16,26,112,-8,1
348,22021,1610612752,NYK,New York Knicks,0022100174,2021-11-12,NYK @ CHA,L,240,36,93,0.387,13,35,0.371,11,18,0.611,14,37,51,17,8,5,19,22,96,-8,1
349,22021,1610612766,CHA,Charlotte Hornets,0022100174,2021-11-12,CHA vs. NYK,W,240,39,90,0.433,10,36,0.278,16,24,0.667,12,37,49,25,10,5,14,18,104,8,1
350,22021,1610612765,DET,Detroit Pistons,0022100176,2021-11-12,DET @ CLE,L,240,29,79,0.367,9,30,0.3,11,13,0.846,10,33,43,18,12,5,23,13,78,-20,1
351,22021,1610612739,CLE,Cleveland Cavaliers,0022100176,2021-11-12,CLE vs. DET,W,240,39,82,0.476,14,41,0.341,6,9,0.667,8,32,40,27,12,6,21,11,98,20,1
352,22021,1610612749,MIL,Milwaukee Bucks,0022100175,2021-11-12,MIL @ BOS,L,265,44,98,0.449,16,47,0.34,9,11,0.818,12,27,39,23,7,3,13,19,113,-9,1
353,22021,1610612738,BOS,Boston Celtics,0022100175,2021-11-12,BOS vs. MIL,W,265,47,96,0.49,12,41,0.293,16,18,0.889,16,37,53,22,5,7,17,12,122,9,1
354,22021,1610612763,MEM,Memphis Grizzlies,0022100178,2021-11-12,MEM vs. PHX,L,240,37,98,0.378,7,33,0.212,13,23,0.565,17,42,59,19,6,6,15,16,94,-25,1
355,22021,1610612756,PHX,Phoenix Suns,0022100178,2021-11-12,PHX @ MEM,W,240,46,94,0.489,18,37,0.486,9,9,1.0,4,42,46,28,12,6,12,22,119,25,1
356,22021,1610612760,OKC,Oklahoma City Thunder,0022100180,2021-11-12,OKC vs. SAC,W,240,42,99,0.424,10,30,0.333,11,15,0.733,16,36,52,13,8,6,10,18,105,2,1
357,22021,1610612758,SAC,Sacramento Kings,0022100180,2021-11-12,SAC @ OKC,L,240,38,95,0.4,14,41,0.341,13,17,0.765,11,38,49,20,5,7,14,12,103,-2,1
358,22021,1610612757,POR,Portland Trail Blazers,0022100177,2021-11-12,POR @ HOU,W,240,34,87,0.391,11,36,0.306,25,31,0.806,11,41,52,21,10,4,14,27,104,12,1
359,22021,1610612745,HOU,Houston Rockets,0022100177,2021-11-12,HOU vs. POR,L,240,34,85,0.4,7,32,0.219,17,27,0.63,9,40,49,13,6,6,13,23,92,-12,1
360,22021,1610612742,DAL,Dallas Mavericks,0022100181,2021-11-12,DAL @ SAS,W,240,46,100,0.46,18,45,0.4,13,19,0.684,10,38,48,30,9,7,6,18,123,14,1
361,22021,1610612759,SAS,San Antonio Spurs,0022100181,2021-11-12,SAS vs. DAL,L,240,41,84,0.488,13,30,0.433,14,20,0.7,3,38,41,30,3,3,13,17,109,-14,1
362,22021,1610612743,DEN,Denver Nuggets,0022100182,2021-11-12,DEN vs. ATL,W,240,40,90,0.444,10,35,0.286,15,20,0.75,10,39,49,26,6,5,8,21,105,9,1
363,22021,1610612737,ATL,Atlanta Hawks,0022100182,2021-11-12,ATL @ DEN,L,240,38,93,0.409,5,28,0.179,15,21,0.714,14,36,50,20,2,5,8,20,96,-9,1
364,22021,1610612744,GSW,Golden State Warriors,0022100183,2021-11-12,GSW vs. CHI,W,240,45,93,0.484,15,46,0.326,14,16,0.875,12,35,47,27,15,3,16,15,119,26,1
365,22021,1610612741,CHI,Chicago Bulls,0022100183,2021-11-12,CHI @ GSW,L,240,34,78,0.436,8,27,0.296,17,22,0.773,7,31,38,18,9,2,20,16,93,-26,1
366,22021,1610612750,MIN,Minnesota Timberwolves,0022100184,2021-11-12,MIN @ LAL,W,240,43,94,0.457,12,37,0.324,9,12,0.75,14,40,54,24,10,4,16,21,107,24,1
367,22021,1610612747,LAL,Los Angeles Lakers,0022100184,2021-11-12,LAL vs. MIN,L,240,29,82,0.354,9,41,0.22,16,20,0.8,11,33,44,17,12,8,20,14,83,-24,1
368,22021,1610612748,MIA,Miami Heat,0022100185,2021-11-13,MIA @ UTA,W,240,42,85,0.494,13,33,0.394,14,16,0.875,13,35,48,23,6,3,21,25,111,6,1
369,22021,1610612762,UTA,Utah Jazz,0022100185,2021-11-13,UTA vs. MIA,L,240,35,85,0.412,17,53,0.321,18,25,0.72,12,26,38,23,13,2,17,19,105,-6,1
370,22021,1610612746,LAC,LA Clippers,0022100191,2021-11-13,LAC vs. MIN,W,240,53,99,0.535,16,40,0.4,7,9,0.778,11,46,57,35,6,8,14,17,129,27,1
371,22021,1610612750,MIN,Minnesota Timberwolves,0022100191,2021-11-13,MIN @ LAC,L,240,40,102,0.392,11,36,0.306,11,16,0.688,12,29,41,25,8,6,11,15,102,-27,1
372,22021,1610612764,WAS,Washington Wizards,0022100187,2021-11-13,WAS @ ORL,W,240,42,84,0.5,12,35,0.343,8,10,0.8,7,41,48,29,6,7,16,17,104,12,1
373,22021,1610612753,ORL,Orlando Magic,0022100187,2021-11-13,ORL vs. WAS,L,240,31,92,0.337,13,40,0.325,17,20,0.85,14,30,44,21,7,5,13,15,92,-12,1
374,22021,1610612763,MEM,Memphis Grizzlies,0022100188,2021-11-13,MEM @ NOP,L,240,38,88,0.432,8,24,0.333,17,21,0.81,13,26,39,21,6,6,9,19,101,-11,1
375,22021,1610612740,NOP,New Orleans Pelicans,0022100188,2021-11-13,NOP vs. MEM,W,240,38,79,0.481,14,29,0.483,22,25,0.88,8,29,37,29,5,6,14,22,112,11,1
376,22021,1610612754,IND,Indiana Pacers,0022100186,2021-11-13,IND vs. PHI,W,240,47,82,0.573,14,28,0.5,10,15,0.667,7,30,37,33,7,10,15,21,118,5,1
377,22021,1610612755,PHI,Philadelphia 76ers,0022100186,2021-11-13,PHI @ IND,L,240,38,89,0.427,12,23,0.522,25,29,0.862,18,28,46,16,11,2,14,22,113,-5,1
378,22021,1610612761,TOR,Toronto Raptors,0022100189,2021-11-13,TOR vs. DET,L,240,44,87,0.506,13,34,0.382,20,31,0.645,15,24,39,21,9,1,13,25,121,-6,1
379,22021,1610612765,DET,Detroit Pistons,0022100189,2021-11-13,DET @ TOR,W,240,43,79,0.544,15,35,0.429,26,30,0.867,9,25,34,34,5,6,14,23,127,6,1
380,22021,1610612739,CLE,Cleveland Cavaliers,0022100190,2021-11-13,CLE vs. BOS,W,240,31,81,0.383,10,38,0.263,19,22,0.864,9,30,39,17,10,4,11,19,91,2,1
381,22021,1610612738,BOS,Boston Celtics,0022100190,2021-11-13,BOS @ CLE,L,240,33,78,0.423,6,23,0.261,17,18,0.944,10,37,47,20,7,3,20,16,89,-2,1
382,22021,1610612741,CHI,Chicago Bulls,0022100198,2021-11-14,CHI @ LAC,W,240,38,86,0.442,11,29,0.379,13,14,0.929,7,38,45,19,9,4,15,20,100,10,1
383,22021,1610612746,LAC,LA Clippers,0022100198,2021-11-14,LAC vs. CHI,L,240,29,81,0.358,11,34,0.324,21,21,1.0,9,35,44,16,7,7,20,15,90,-10,1
384,22021,1610612759,SAS,San Antonio Spurs,0022100192,2021-11-14,SAS @ LAL,L,240,40,90,0.444,16,36,0.444,10,15,0.667,11,32,43,28,9,2,15,17,106,-8,1
385,22021,1610612747,LAL,Los Angeles Lakers,0022100192,2021-11-14,LAL vs. SAS,W,240,43,83,0.518,15,31,0.484,13,17,0.765,9,37,46,28,6,5,16,16,114,8,1
386,22021,1610612737,ATL,Atlanta Hawks,0022100193,2021-11-14,ATL vs. MIL,W,240,47,97,0.485,15,35,0.429,11,13,0.846,15,36,51,21,6,1,13,19,120,20,1
387,22021,1610612749,MIL,Milwaukee Bucks,0022100193,2021-11-14,MIL @ ATL,L,240,38,84,0.452,14,41,0.341,10,16,0.625,4,26,30,24,8,3,11,17,100,-20,1
388,22021,1610612760,OKC,Oklahoma City Thunder,0022100196,2021-11-14,OKC vs. BKN,L,240,36,90,0.4,14,45,0.311,10,11,0.909,10,34,44,20,9,2,14,22,96,-24,1
389,22021,1610612751,BKN,Brooklyn Nets,0022100196,2021-11-14,BKN @ OKC,W,240,41,82,0.5,18,43,0.419,20,21,0.952,7,37,44,31,8,3,15,15,120,24,1
390,22021,1610612745,HOU,Houston Rockets,0022100195,2021-11-14,HOU vs. PHX,L,240,35,85,0.412,7,32,0.219,12,18,0.667,9,39,48,19,7,5,23,19,89,-26,1
391,22021,1610612756,PHX,Phoenix Suns,0022100195,2021-11-14,PHX @ HOU,W,240,42,97,0.433,14,40,0.35,17,20,0.85,12,40,52,19,16,7,10,19,115,26,1
392,22021,1610612766,CHA,Charlotte Hornets,0022100194,2021-11-14,CHA vs. GSW,W,240,42,88,0.477,14,36,0.389,8,12,0.667,4,35,39,23,10,2,13,21,106,4,1
393,22021,1610612744,GSW,Golden State Warriors,0022100194,2021-11-14,GSW @ CHA,L,240,38,90,0.422,9,39,0.231,17,25,0.68,11,38,49,31,8,7,15,17,102,-4,1
394,22021,1610612757,POR,Portland Trail Blazers,0022100197,2021-11-14,POR @ DEN,L,240,35,80,0.438,13,39,0.333,12,13,0.923,8,28,36,22,8,4,13,15,95,-29,1
395,22021,1610612743,DEN,Denver Nuggets,0022100197,2021-11-14,DEN vs. POR,W,240,47,90,0.522,19,40,0.475,11,14,0.786,14,35,49,29,9,1,11,14,124,29,1
396,22021,1610612738,BOS,Boston Celtics,0022100199,2021-11-15,BOS @ CLE,W,240,36,78,0.462,10,29,0.345,16,20,0.8,6,40,46,23,7,6,14,16,98,6,1
397,22021,1610612739,CLE,Cleveland Cavaliers,0022100199,2021-11-15,CLE vs. BOS,L,240,32,83,0.386,16,40,0.4,12,16,0.75,7,35,42,18,6,3,14,18,92,-6,1
398,22021,1610612758,SAC,Sacramento Kings,0022100200,2021-11-15,SAC @ DET,W,240,52,98,0.531,16,33,0.485,9,11,0.818,11,36,47,32,11,5,14,17,129,22,1
399,22021,1610612765,DET,Detroit Pistons,0022100200,2021-11-15,DET vs. SAC,L,240,39,96,0.406,13,47,0.277,16,17,0.941,16,31,47,23,7,2,18,10,107,-22,1
400,22021,1610612737,ATL,Atlanta Hawks,0022100202,2021-11-15,ATL vs. ORL,W,240,47,85,0.553,14,30,0.467,21,32,0.656,9,37,46,32,10,7,11,17,129,18,1
401,22021,1610612753,ORL,Orlando Magic,0022100202,2021-11-15,ORL @ ATL,L,240,43,95,0.453,16,43,0.372,9,14,0.643,12,29,41,30,8,5,16,27,111,-18,1
402,22021,1610612740,NOP,New Orleans Pelicans,0022100201,2021-11-15,NOP @ WAS,L,240,30,74,0.405,11,21,0.524,29,34,0.853,7,38,45,20,2,3,12,25,100,-5,1
403,22021,1610612764,WAS,Washington Wizards,0022100201,2021-11-15,WAS vs. NOP,W,240,39,84,0.464,10,28,0.357,17,25,0.68,6,36,42,23,9,4,6,22,105,5,1
404,22021,1610612752,NYK,New York Knicks,0022100203,2021-11-15,NYK vs. IND,W,240,37,86,0.43,11,34,0.324,7,10,0.7,8,38,46,22,1,5,12,15,92,8,1
405,22021,1610612754,IND,Indiana Pacers,0022100203,2021-11-15,IND @ NYK,L,240,32,86,0.372,8,37,0.216,12,16,0.75,9,35,44,16,6,6,9,15,84,-8,1
406,22021,1610612763,MEM,Memphis Grizzlies,0022100205,2021-11-15,MEM vs. HOU,W,240,52,96,0.542,16,41,0.39,16,20,0.8,7,42,49,33,14,8,10,21,136,34,1
407,22021,1610612745,HOU,Houston Rockets,0022100205,2021-11-15,HOU @ MEM,L,240,36,95,0.379,11,38,0.289,19,26,0.731,14,32,46,24,6,5,18,16,102,-34,1
408,22021,1610612760,OKC,Oklahoma City Thunder,0022100207,2021-11-15,OKC vs. MIA,L,240,34,83,0.41,15,41,0.366,7,10,0.7,9,33,42,26,6,10,20,15,90,-13,1
409,22021,1610612748,MIA,Miami Heat,0022100207,2021-11-15,MIA @ OKC,W,240,37,82,0.451,18,40,0.45,11,13,0.846,8,37,45,22,11,5,19,13,103,13,1
410,22021,1610612756,PHX,Phoenix Suns,0022100206,2021-11-15,PHX @ MIN,W,240,32,85,0.376,7,31,0.226,28,36,0.778,14,38,52,21,8,2,15,23,99,3,1
411,22021,1610612750,MIN,Minnesota Timberwolves,0022100206,2021-11-15,MIN vs. PHX,L,240,31,85,0.365,13,44,0.295,21,27,0.778,13,41,54,18,8,3,21,28,96,-3,1
412,22021,1610612757,POR,Portland Trail Blazers,0022100208,2021-11-15,POR vs. TOR,W,240,46,82,0.561,16,36,0.444,10,14,0.714,7,32,39,25,6,7,14,15,118,5,1
413,22021,1610612761,TOR,Toronto Raptors,0022100208,2021-11-15,TOR @ POR,L,240,41,89,0.461,15,33,0.455,16,18,0.889,12,27,39,20,7,2,11,17,113,-5,1
414,22021,1610612747,LAL,Los Angeles Lakers,0022100209,2021-11-15,LAL vs. CHI,L,240,36,79,0.456,6,32,0.188,25,31,0.806,8,35,43,19,10,5,19,15,103,-18,1
415,22021,1610612741,CHI,Chicago Bulls,0022100209,2021-11-15,CHI @ LAL,W,240,49,89,0.551,15,34,0.441,8,11,0.727,4,32,36,31,9,2,17,21,121,18,1
416,22021,1610612742,DAL,Dallas Mavericks,0022100204,2021-11-15,DAL vs. DEN,W,240,45,90,0.5,14,36,0.389,7,10,0.7,10,34,44,30,7,2,9,19,111,10,1
417,22021,1610612743,DEN,Denver Nuggets,0022100204,2021-11-15,DEN @ DAL,L,240,40,84,0.476,9,32,0.281,12,17,0.706,10,36,46,20,4,5,12,16,101,-10,1
418,22021,1610612751,BKN,Brooklyn Nets,0022100210,2021-11-16,BKN vs. GSW,L,240,34,88,0.386,10,36,0.278,21,27,0.778,9,29,38,21,12,2,12,23,99,-18,1
419,22021,1610612744,GSW,Golden State Warriors,0022100210,2021-11-16,GSW @ BKN,W,240,41,79,0.519,13,40,0.325,22,28,0.786,9,44,53,25,4,8,22,27,117,18,1
420,22021,1610612755,PHI,Philadelphia 76ers,0022100211,2021-11-16,PHI @ UTA,L,240,33,90,0.367,6,29,0.207,13,17,0.765,6,36,42,19,5,5,9,16,85,-35,1
421,22021,1610612762,UTA,Utah Jazz,0022100211,2021-11-16,UTA vs. PHI,W,240,46,89,0.517,16,38,0.421,12,19,0.632,6,50,56,27,5,8,11,20,120,35,1
422,22021,1610612759,SAS,San Antonio Spurs,0022100212,2021-11-16,SAS @ LAC,L,240,41,95,0.432,5,22,0.227,5,7,0.714,6,35,41,26,10,4,16,17,92,-14,1
423,22021,1610612746,LAC,LA Clippers,0022100212,2021-11-16,LAC vs. SAS,W,240,37,85,0.435,12,38,0.316,20,22,0.909,6,46,52,16,9,3,21,13,106,14,1
424,22021,1610612752,NYK,New York Knicks,0022100218,2021-11-17,NYK vs. ORL,L,240,37,88,0.42,16,49,0.327,8,12,0.667,11,34,45,25,5,7,18,20,98,-6,1
425,22021,1610612753,ORL,Orlando Magic,0022100218,2021-11-17,ORL @ NYK,W,240,39,96,0.406,11,38,0.289,15,18,0.833,14,37,51,20,7,3,15,19,104,6,1
426,22021,1610612766,CHA,Charlotte Hornets,0022100213,2021-11-17,CHA vs. WAS,W,240,42,96,0.438,10,32,0.313,3,6,0.5,16,43,59,30,6,8,11,16,97,10,1
427,22021,1610612764,WAS,Washington Wizards,0022100213,2021-11-17,WAS @ CHA,L,240,33,90,0.367,8,42,0.19,13,16,0.813,11,37,48,23,7,5,11,12,87,-10,1
428,22021,1610612765,DET,Detroit Pistons,0022100214,2021-11-17,DET vs. IND,W,240,34,80,0.425,8,28,0.286,21,28,0.75,8,34,42,16,13,5,13,20,97,8,1
429,22021,1610612754,IND,Indiana Pacers,0022100214,2021-11-17,IND @ DET,L,240,33,79,0.418,9,37,0.243,14,19,0.737,7,36,43,14,5,5,18,22,89,-8,1
430,22021,1610612737,ATL,Atlanta Hawks,0022100215,2021-11-17,ATL vs. BOS,W,240,41,81,0.506,13,37,0.351,15,18,0.833,6,34,40,28,9,4,14,17,110,11,1
431,22021,1610612738,BOS,Boston Celtics,0022100215,2021-11-17,BOS @ ATL,L,240,37,84,0.44,11,41,0.268,14,17,0.824,12,30,42,24,9,2,14,17,99,-11,1
432,22021,1610612739,CLE,Cleveland Cavaliers,0022100216,2021-11-17,CLE @ BKN,L,240,35,89,0.393,11,44,0.25,18,21,0.857,12,38,50,20,9,1,14,17,99,-10,1
433,22021,1610612751,BKN,Brooklyn Nets,0022100216,2021-11-17,BKN vs. CLE,W,240,38,83,0.458,12,32,0.375,21,25,0.84,8,39,47,29,7,3,12,20,109,10,1
434,22021,1610612748,MIA,Miami Heat,0022100217,2021-11-17,MIA vs. NOP,W,240,42,87,0.483,15,40,0.375,14,17,0.824,10,29,39,29,6,2,11,25,113,15,1
435,22021,1610612740,NOP,New Orleans Pelicans,0022100217,2021-11-17,NOP @ MIA,L,240,33,75,0.44,10,35,0.286,22,28,0.786,10,28,38,18,6,3,17,21,98,-15,1
436,22021,1610612747,LAL,Los Angeles Lakers,0022100219,2021-11-17,LAL @ MIL,L,240,40,96,0.417,12,43,0.279,10,12,0.833,11,37,48,24,8,4,13,19,102,-7,1
437,22021,1610612749,MIL,Milwaukee Bucks,0022100219,2021-11-17,MIL vs. LAL,W,240,40,87,0.46,12,37,0.324,17,24,0.708,9,43,52,22,9,4,15,10,109,7,1
438,22021,1610612745,HOU,Houston Rockets,0022100221,2021-11-17,HOU @ OKC,L,240,32,90,0.356,12,42,0.286,13,19,0.684,9,37,46,16,6,4,14,14,89,-12,1
439,22021,1610612760,OKC,Oklahoma City Thunder,0022100221,2021-11-17,OKC vs. HOU,W,240,41,92,0.446,10,39,0.256,9,16,0.563,9,47,56,18,10,6,14,19,101,12,1
440,22021,1610612758,SAC,Sacramento Kings,0022100220,2021-11-17,SAC @ MIN,L,240,34,93,0.366,10,38,0.263,19,25,0.76,20,27,47,19,7,3,20,22,97,-10,1
441,22021,1610612750,MIN,Minnesota Timberwolves,0022100220,2021-11-17,MIN vs. SAC,W,240,41,82,0.5,10,36,0.278,15,18,0.833,10,25,35,20,8,10,17,24,107,10,1
442,22021,1610612756,PHX,Phoenix Suns,0022100222,2021-11-17,PHX vs. DAL,W,240,41,93,0.441,13,39,0.333,10,14,0.714,8,41,49,27,6,7,8,9,105,7,1
443,22021,1610612742,DAL,Dallas Mavericks,0022100222,2021-11-17,DAL @ PHX,L,240,38,91,0.418,16,32,0.5,6,6,1.0,8,41,49,28,5,2,10,14,98,-7,1
444,22021,1610612757,POR,Portland Trail Blazers,0022100223,2021-11-17,POR vs. CHI,W,240,37,84,0.44,11,31,0.355,27,28,0.964,12,32,44,26,10,5,17,19,112,5,1
445,22021,1610612741,CHI,Chicago Bulls,0022100223,2021-11-17,CHI @ POR,L,240,39,83,0.47,13,29,0.448,16,20,0.8,10,26,36,23,7,9,15,23,107,-5,1
446,22021,1610612743,DEN,Denver Nuggets,0022100228,2021-11-18,DEN vs. PHI,L,240,32,89,0.36,12,36,0.333,13,16,0.813,10,36,46,22,6,4,11,14,89,-14,1
447,22021,1610612755,PHI,Philadelphia 76ers,0022100228,2021-11-18,PHI @ DEN,W,240,43,85,0.506,11,29,0.379,6,12,0.5,6,39,45,22,5,7,10,18,103,14,1
448,22021,1610612761,TOR,Toronto Raptors,0022100229,2021-11-18,TOR @ UTA,L,240,39,94,0.415,10,38,0.263,15,17,0.882,14,21,35,24,10,3,13,13,103,-16,1
449,22021,1610612762,UTA,Utah Jazz,0022100229,2021-11-18,UTA vs. TOR,W,240,44,80,0.55,19,46,0.413,12,13,0.923,10,36,46,34,8,9,24,18,119,16,1
450,22021,1610612744,GSW,Golden State Warriors,0022100224,2021-11-18,GSW @ CLE,W,240,41,83,0.494,15,43,0.349,7,8,0.875,5,29,34,36,12,2,11,17,104,15,1
451,22021,1610612739,CLE,Cleveland Cavaliers,0022100224,2021-11-18,CLE vs. GSW,L,240,34,80,0.425,12,39,0.308,9,16,0.563,13,29,42,22,6,3,20,11,89,-15,1
452,22021,1610612748,MIA,Miami Heat,0022100225,2021-11-18,MIA vs. WAS,W,240,41,82,0.5,10,26,0.385,20,24,0.833,7,34,41,27,10,1,6,13,112,15,1
453,22021,1610612764,WAS,Washington Wizards,0022100225,2021-11-18,WAS @ MIA,L,240,38,77,0.494,15,36,0.417,6,10,0.6,5,32,37,25,4,3,17,19,97,-15,1
454,22021,1610612746,LAC,LA Clippers,0022100226,2021-11-18,LAC @ MEM,L,240,42,90,0.467,16,39,0.41,8,8,1.0,7,27,34,24,6,6,14,15,108,-12,1
455,22021,1610612763,MEM,Memphis Grizzlies,0022100226,2021-11-18,MEM vs. LAC,W,240,52,96,0.542,11,26,0.423,5,6,0.833,12,35,47,28,8,7,12,17,120,12,1
456,22021,1610612759,SAS,San Antonio Spurs,0022100227,2021-11-18,SAS @ MIN,L,240,35,84,0.417,6,32,0.188,14,19,0.737,11,31,42,26,7,6,12,12,90,-25,1
457,22021,1610612750,MIN,Minnesota Timberwolves,0022100227,2021-11-18,MIN vs. SAS,W,240,41,86,0.477,21,49,0.429,12,15,0.8,12,35,47,30,5,9,13,17,115,25,1
458,22021,1610612760,OKC,Oklahoma City Thunder,0022100234,2021-11-19,OKC @ MIL,L,240,32,91,0.352,12,48,0.25,13,21,0.619,11,42,53,17,6,4,12,22,89,-7,1
459,22021,1610612749,MIL,Milwaukee Bucks,0022100234,2021-11-19,MIL vs. OKC,W,240,31,83,0.373,12,41,0.293,22,26,0.846,6,47,53,21,9,5,13,18,96,7,1
460,22021,1610612758,SAC,Sacramento Kings,0022100238,2021-11-19,SAC vs. TOR,L,240,32,84,0.381,9,37,0.243,16,25,0.64,11,29,40,15,8,4,15,18,89,-19,1
461,22021,1610612761,TOR,Toronto Raptors,0022100238,2021-11-19,TOR @ SAC,W,240,38,84,0.452,12,31,0.387,20,24,0.833,13,40,53,20,9,9,17,24,108,19,1
462,22021,1610612766,CHA,Charlotte Hornets,0022100230,2021-11-19,CHA vs. IND,W,240,44,81,0.543,12,31,0.387,21,28,0.75,6,39,45,28,8,7,17,26,121,3,1
463,22021,1610612754,IND,Indiana Pacers,0022100230,2021-11-19,IND @ CHA,L,240,41,88,0.466,11,36,0.306,25,32,0.781,8,30,38,19,10,6,10,24,118,-3,1
464,22021,1610612744,GSW,Golden State Warriors,0022100231,2021-11-19,GSW @ DET,W,240,38,80,0.475,12,30,0.4,17,21,0.81,14,34,48,22,8,4,19,23,105,3,1
465,22021,1610612765,DET,Detroit Pistons,0022100231,2021-11-19,DET vs. GSW,L,240,32,80,0.4,14,42,0.333,24,30,0.8,11,24,35,21,11,7,13,22,102,-3,1
466,22021,1610612746,LAC,LA Clippers,0022100235,2021-11-19,LAC @ NOP,L,240,34,90,0.378,9,37,0.243,4,5,0.8,8,35,43,22,7,4,12,12,81,-13,1
467,22021,1610612740,NOP,New Orleans Pelicans,0022100235,2021-11-19,NOP vs. LAC,W,240,38,87,0.437,13,30,0.433,5,8,0.625,12,43,55,19,9,1,13,12,94,13,1
468,22021,1610612738,BOS,Boston Celtics,0022100232,2021-11-19,BOS vs. LAL,W,240,44,88,0.5,11,30,0.367,31,38,0.816,12,39,51,22,7,2,14,20,130,22,1
469,22021,1610612747,LAL,Los Angeles Lakers,0022100232,2021-11-19,LAL @ BOS,L,240,39,84,0.464,12,30,0.4,18,24,0.75,7,26,33,20,5,6,12,29,108,-22,1
470,22021,1610612751,BKN,Brooklyn Nets,0022100233,2021-11-19,BKN vs. ORL,W,240,41,91,0.451,10,33,0.303,23,25,0.92,14,29,43,19,6,13,11,19,115,2,1
471,22021,1610612753,ORL,Orlando Magic,0022100233,2021-11-19,ORL @ BKN,L,240,40,89,0.449,14,38,0.368,19,25,0.76,11,34,45,26,7,6,13,25,113,-2,1
472,22021,1610612741,CHI,Chicago Bulls,0022100236,2021-11-19,CHI @ DEN,W,240,41,93,0.441,8,31,0.258,24,24,1.0,17,33,50,19,7,3,11,20,114,6,1
473,22021,1610612743,DEN,Denver Nuggets,0022100236,2021-11-19,DEN vs. CHI,L,240,39,82,0.476,14,37,0.378,16,20,0.8,7,31,38,24,5,5,14,22,108,-6,1
474,22021,1610612742,DAL,Dallas Mavericks,0022100237,2021-11-19,DAL @ PHX,L,240,37,90,0.411,12,40,0.3,18,23,0.783,10,30,40,25,15,1,10,17,104,-8,1
475,22021,1610612756,PHX,Phoenix Suns,0022100237,2021-11-19,PHX vs. DAL,W,240,44,85,0.518,14,29,0.483,10,14,0.714,10,43,53,28,7,4,18,22,112,8,1
476,22021,1610612752,NYK,New York Knicks,0022100239,2021-11-20,NYK vs. HOU,W,240,33,78,0.423,18,41,0.439,22,26,0.846,4,33,37,25,12,7,15,23,106,7,1
477,22021,1610612745,HOU,Houston Rockets,0022100239,2021-11-20,HOU @ NYK,L,240,38,84,0.452,10,39,0.256,13,22,0.591,13,35,48,21,5,8,22,21,99,-7,1
478,22021,1610612740,NOP,New Orleans Pelicans,0022100240,2021-11-20,NOP @ IND,L,240,35,88,0.398,6,18,0.333,18,19,0.947,11,41,52,17,7,5,16,14,94,-17,1
479,22021,1610612754,IND,Indiana Pacers,0022100240,2021-11-20,IND vs. NOP,W,240,42,91,0.462,14,38,0.368,13,18,0.722,8,38,46,28,11,9,11,16,111,17,1
480,22021,1610612760,OKC,Oklahoma City Thunder,0022100243,2021-11-20,OKC @ BOS,L,240,39,96,0.406,18,42,0.429,9,16,0.563,15,39,54,23,5,0,10,15,105,-6,1
481,22021,1610612738,BOS,Boston Celtics,0022100243,2021-11-20,BOS vs. OKC,W,240,41,88,0.466,17,39,0.436,12,14,0.857,8,40,48,28,4,7,7,11,111,6,1
482,22021,1610612748,MIA,Miami Heat,0022100241,2021-11-20,MIA @ WAS,L,240,38,81,0.469,7,27,0.259,17,20,0.85,10,27,37,21,7,3,14,26,100,-3,1
483,22021,1610612764,WAS,Washington Wizards,0022100241,2021-11-20,WAS vs. MIA,W,240,36,74,0.486,11,30,0.367,20,23,0.87,9,26,35,22,6,2,20,19,103,3,1
484,22021,1610612766,CHA,Charlotte Hornets,0022100242,2021-11-20,CHA @ ATL,L,240,43,102,0.422,10,40,0.25,9,15,0.6,20,31,51,26,6,2,10,22,105,-10,1
485,22021,1610612737,ATL,Atlanta Hawks,0022100242,2021-11-20,ATL vs. CHA,W,240,43,82,0.524,12,34,0.353,17,21,0.81,8,38,46,24,6,6,12,22,115,10,1
486,22021,1610612753,ORL,Orlando Magic,0022100244,2021-11-20,ORL @ MIL,L,240,39,98,0.398,19,51,0.373,11,14,0.786,6,33,39,26,5,3,10,24,108,-9,1
487,22021,1610612749,MIL,Milwaukee Bucks,0022100244,2021-11-20,MIL vs. ORL,W,240,37,82,0.451,19,40,0.475,24,37,0.649,11,49,60,25,6,5,14,18,117,9,1
488,22021,1610612763,MEM,Memphis Grizzlies,0022100245,2021-11-20,MEM @ MIN,L,240,29,83,0.349,9,32,0.281,28,35,0.8,10,23,33,21,7,5,16,24,95,-43,1
489,22021,1610612750,MIN,Minnesota Timberwolves,0022100245,2021-11-20,MIN vs. MEM,W,240,49,91,0.538,20,41,0.488,20,28,0.714,18,32,50,28,12,6,13,26,138,43,1
490,22021,1610612755,PHI,Philadelphia 76ers,0022100246,2021-11-20,PHI @ POR,L,240,41,81,0.506,10,28,0.357,19,21,0.905,3,29,32,24,7,4,12,24,111,-7,1
491,22021,1610612757,POR,Portland Trail Blazers,0022100246,2021-11-20,POR vs. PHI,W,240,40,80,0.5,15,34,0.441,23,23,1.0,5,33,38,23,6,7,13,21,118,7,1
492,22021,1610612758,SAC,Sacramento Kings,0022100247,2021-11-20,SAC vs. UTA,L,240,41,91,0.451,10,31,0.323,13,21,0.619,8,27,35,20,8,5,8,14,105,-18,1
493,22021,1610612762,UTA,Utah Jazz,0022100247,2021-11-20,UTA @ SAC,W,240,46,91,0.505,17,39,0.436,14,17,0.824,14,38,52,20,5,2,13,16,123,18,1
494,22021,1610612741,CHI,Chicago Bulls,0022100250,2021-11-21,CHI vs. NYK,W,240,37,88,0.42,11,29,0.379,24,27,0.889,11,33,44,21,5,1,10,26,109,6,1
495,22021,1610612752,NYK,New York Knicks,0022100250,2021-11-21,NYK @ CHI,L,240,35,84,0.417,7,27,0.259,26,31,0.839,12,32,44,16,4,11,14,25,103,-6,1
496,22021,1610612744,GSW,Golden State Warriors,0022100252,2021-11-21,GSW vs. TOR,W,240,39,79,0.494,22,45,0.489,19,24,0.792,8,39,47,31,5,7,16,18,119,15,1
497,22021,1610612761,TOR,Toronto Raptors,0022100252,2021-11-21,TOR @ GSW,L,240,39,99,0.394,15,37,0.405,11,20,0.55,18,29,47,25,7,4,11,21,104,-15,1
498,22021,1610612743,DEN,Denver Nuggets,0022100251,2021-11-21,DEN @ PHX,L,240,33,90,0.367,11,38,0.289,20,28,0.714,12,30,42,20,5,1,10,22,97,-29,1
499,22021,1610612756,PHX,Phoenix Suns,0022100251,2021-11-21,PHX vs. DEN,W,240,46,87,0.529,11,36,0.306,23,26,0.885,10,41,51,34,7,3,13,20,126,29,1
500,22021,1610612765,DET,Detroit Pistons,0022100249,2021-11-21,DET vs. LAL,L,240,43,97,0.443,14,40,0.35,16,21,0.762,8,31,39,27,7,6,11,24,116,-5,1
501,22021,1610612747,LAL,Los Angeles Lakers,0022100249,2021-11-21,LAL @ DET,W,240,45,92,0.489,10,31,0.323,21,27,0.778,12,39,51,29,7,8,13,21,121,5,1
502,22021,1610612746,LAC,LA Clippers,0022100248,2021-11-21,LAC vs. DAL,W,240,36,75,0.48,12,29,0.414,13,18,0.722,8,34,42,18,5,2,15,15,97,6,1
503,22021,1610612742,DAL,Dallas Mavericks,0022100248,2021-11-21,DAL @ LAC,L,240,34,83,0.41,6,30,0.2,17,18,0.944,8,31,39,21,6,5,10,21,91,-6,1
504,22021,1610612751,BKN,Brooklyn Nets,0022100253,2021-11-22,BKN @ CLE,W,240,45,95,0.474,11,35,0.314,16,18,0.889,8,34,42,32,6,6,10,23,117,5,1
505,22021,1610612739,CLE,Cleveland Cavaliers,0022100253,2021-11-22,CLE vs. BKN,L,240,36,93,0.387,14,44,0.318,26,29,0.897,14,39,53,24,6,5,15,16,112,-5,1
506,22021,1610612737,ATL,Atlanta Hawks,0022100255,2021-11-22,ATL vs. OKC,W,240,42,87,0.483,14,34,0.412,15,16,0.938,8,36,44,25,6,6,8,16,113,12,1
507,22021,1610612760,OKC,Oklahoma City Thunder,0022100255,2021-11-22,OKC @ ATL,L,240,39,97,0.402,10,38,0.263,13,14,0.929,16,34,50,24,5,5,10,15,101,-12,1
508,22021,1610612754,IND,Indiana Pacers,0022100257,2021-11-22,IND @ CHI,W,240,40,90,0.444,13,31,0.419,16,18,0.889,11,48,59,27,7,12,13,15,109,32,1
509,22021,1610612741,CHI,Chicago Bulls,0022100257,2021-11-22,CHI vs. IND,L,240,31,85,0.365,6,28,0.214,9,15,0.6,5,33,38,13,6,2,9,16,77,-32,1
510,22021,1610612753,ORL,Orlando Magic,0022100258,2021-11-22,ORL @ MIL,L,240,34,93,0.366,11,41,0.268,13,18,0.722,15,32,47,16,6,4,16,17,92,-31,1
511,22021,1610612749,MIL,Milwaukee Bucks,0022100258,2021-11-22,MIL vs. ORL,W,240,44,94,0.468,18,45,0.4,17,24,0.708,13,42,55,28,10,7,13,22,123,31,1
512,22021,1610612756,PHX,Phoenix Suns,0022100260,2021-11-22,PHX @ SAS,W,240,45,88,0.511,12,27,0.444,13,16,0.813,11,33,44,25,10,0,15,18,115,4,1
513,22021,1610612759,SAS,San Antonio Spurs,0022100260,2021-11-22,SAS vs. PHX,L,240,49,93,0.527,5,20,0.25,8,16,0.5,11,33,44,23,9,4,15,16,111,-4,1
514,22021,1610612763,MEM,Memphis Grizzlies,0022100261,2021-11-22,MEM @ UTA,W,240,42,95,0.442,13,35,0.371,22,27,0.815,16,34,50,24,10,4,7,20,119,1,1
515,22021,1610612762,UTA,Utah Jazz,0022100261,2021-11-22,UTA vs. MEM,L,240,41,87,0.471,17,43,0.395,19,25,0.76,10,36,46,26,5,10,14,20,118,-1,1
516,22021,1610612750,MIN,Minnesota Timberwolves,0022100259,2021-11-22,MIN @ NOP,W,240,40,100,0.4,10,44,0.227,20,28,0.714,21,28,49,21,14,9,12,20,110,14,1
517,22021,1610612740,NOP,New Orleans Pelicans,0022100259,2021-11-22,NOP vs. MIN,L,240,37,88,0.42,6,32,0.188,16,18,0.889,15,33,48,24,6,6,23,23,96,-14,1
518,22021,1610612738,BOS,Boston Celtics,0022100256,2021-11-22,BOS vs. HOU,W,240,39,92,0.424,12,35,0.343,18,19,0.947,11,47,58,19,10,3,15,24,108,18,1
519,22021,1610612745,HOU,Houston Rockets,0022100256,2021-11-22,HOU @ BOS,L,240,31,83,0.373,11,42,0.262,17,24,0.708,4,38,42,19,5,4,15,20,90,-18,1
520,22021,1610612758,SAC,Sacramento Kings,0022100262,2021-11-22,SAC vs. PHI,L,240,33,80,0.413,7,31,0.226,21,29,0.724,11,38,49,17,4,0,14,19,94,-8,1
521,22021,1610612755,PHI,Philadelphia 76ers,0022100262,2021-11-22,PHI @ SAC,W,240,36,85,0.424,9,32,0.281,21,27,0.778,11,34,45,19,9,6,7,20,102,8,1
522,22021,1610612766,CHA,Charlotte Hornets,0022100254,2021-11-22,CHA @ WAS,W,240,40,91,0.44,15,31,0.484,14,24,0.583,6,30,36,21,11,4,10,22,109,6,1
523,22021,1610612764,WAS,Washington Wizards,0022100254,2021-11-22,WAS vs. CHA,L,240,36,94,0.383,9,37,0.243,22,27,0.815,20,45,65,23,6,6,18,20,103,-6,1
524,22021,1610612765,DET,Detroit Pistons,0022100263,2021-11-23,DET vs. MIA,L,240,35,84,0.417,10,38,0.263,12,14,0.857,9,26,35,22,7,1,15,23,92,-8,1
525,22021,1610612748,MIA,Miami Heat,0022100263,2021-11-23,MIA @ DET,W,240,35,76,0.461,9,29,0.31,21,29,0.724,12,39,51,22,9,3,17,19,100,8,1
526,22021,1610612747,LAL,Los Angeles Lakers,0022100264,2021-11-23,LAL @ NYK,L,240,34,91,0.374,11,36,0.306,21,30,0.7,13,37,50,23,8,3,12,17,100,-6,1
527,22021,1610612752,NYK,New York Knicks,0022100264,2021-11-23,NYK vs. LAL,W,240,37,82,0.451,15,34,0.441,17,21,0.81,7,45,52,23,7,4,17,23,106,6,1
528,22021,1610612743,DEN,Denver Nuggets,0022100265,2021-11-23,DEN @ POR,L,240,38,78,0.487,15,33,0.455,9,11,0.818,7,30,37,26,6,5,19,15,100,-19,1
529,22021,1610612757,POR,Portland Trail Blazers,0022100265,2021-11-23,POR vs. DEN,W,240,45,88,0.511,15,39,0.385,14,20,0.7,12,31,43,25,12,7,9,18,119,19,1
530,22021,1610612746,LAC,LA Clippers,0022100266,2021-11-23,LAC vs. DAL,L,265,35,85,0.412,10,32,0.313,24,29,0.828,12,35,47,17,5,3,19,24,104,-8,1
531,22021,1610612742,DAL,Dallas Mavericks,0022100266,2021-11-23,DAL @ LAC,W,265,39,89,0.438,12,39,0.308,22,27,0.815,12,30,42,22,11,5,15,23,112,8,1
532,22021,1610612739,CLE,Cleveland Cavaliers,0022100267,2021-11-24,CLE vs. PHX,L,240,43,97,0.443,12,39,0.308,17,25,0.68,13,31,44,22,7,0,10,23,115,-5,1
533,22021,1610612756,PHX,Phoenix Suns,0022100267,2021-11-24,PHX @ CLE,W,240,45,86,0.523,8,22,0.364,22,28,0.786,10,37,47,26,4,2,15,23,120,5,1
534,22021,1610612754,IND,Indiana Pacers,0022100268,2021-11-24,IND vs. LAL,L,265,42,104,0.404,13,46,0.283,19,24,0.792,14,38,52,25,3,5,11,25,116,-8,1
535,22021,1610612747,LAL,Los Angeles Lakers,0022100268,2021-11-24,LAL @ IND,W,265,42,95,0.442,15,37,0.405,25,29,0.862,9,43,52,20,5,4,12,21,124,8,1
536,22021,1610612738,BOS,Boston Celtics,0022100270,2021-11-24,BOS vs. BKN,L,240,34,91,0.374,11,48,0.229,25,28,0.893,15,30,45,25,6,5,11,24,104,-19,1
537,22021,1610612751,BKN,Brooklyn Nets,0022100270,2021-11-24,BKN @ BOS,W,240,43,85,0.506,14,35,0.4,23,30,0.767,10,40,50,29,8,4,10,23,123,19,1
538,22021,1610612753,ORL,Orlando Magic,0022100269,2021-11-24,ORL vs. CHA,L,240,38,93,0.409,15,42,0.357,8,10,0.8,10,41,51,23,5,1,15,19,99,-7,1
539,22021,1610612766,CHA,Charlotte Hornets,0022100269,2021-11-24,CHA @ ORL,W,240,39,93,0.419,12,40,0.3,16,21,0.762,12,37,49,26,11,11,10,16,106,7,1
540,22021,1610612765,DET,Detroit Pistons,0022100273,2021-11-24,DET @ MIL,L,240,34,95,0.358,11,45,0.244,14,19,0.737,9,35,44,16,7,1,9,18,93,-21,1
541,22021,1610612749,MIL,Milwaukee Bucks,0022100273,2021-11-24,MIL vs. DET,W,240,42,87,0.483,15,36,0.417,15,17,0.882,10,46,56,23,5,6,16,18,114,21,1
542,22021,1610612760,OKC,Oklahoma City Thunder,0022100276,2021-11-24,OKC vs. UTA,L,240,37,82,0.451,15,36,0.417,15,22,0.682,4,39,43,21,7,4,13,18,104,-6,1
543,22021,1610612762,UTA,Utah Jazz,0022100276,2021-11-24,UTA @ OKC,W,240,39,86,0.453,15,47,0.319,17,20,0.85,7,36,43,19,11,8,10,15,110,6,1
544,22021,1610612763,MEM,Memphis Grizzlies,0022100272,2021-11-24,MEM vs. TOR,L,240,42,82,0.512,9,29,0.31,20,26,0.769,11,29,40,25,6,3,15,20,113,-13,1
545,22021,1610612761,TOR,Toronto Raptors,0022100272,2021-11-24,TOR @ MEM,W,240,47,89,0.528,14,30,0.467,18,21,0.857,11,23,34,25,8,4,10,20,126,13,1
546,22021,1610612741,CHI,Chicago Bulls,0022100271,2021-11-24,CHI @ HOU,L,240,44,96,0.458,15,35,0.429,10,12,0.833,8,32,40,26,12,6,14,22,113,-5,1
547,22021,1610612745,HOU,Houston Rockets,0022100271,2021-11-24,HOU vs. CHI,W,240,42,84,0.5,17,36,0.472,17,22,0.773,7,39,46,27,5,6,22,16,118,5,1
548,22021,1610612750,MIN,Minnesota Timberwolves,0022100274,2021-11-24,MIN vs. MIA,W,240,38,93,0.409,18,55,0.327,19,21,0.905,15,37,52,24,10,7,18,26,113,12,1
549,22021,1610612748,MIA,Miami Heat,0022100274,2021-11-24,MIA @ MIN,L,240,33,74,0.446,15,42,0.357,20,29,0.69,4,36,40,25,6,2,21,25,101,-12,1
550,22021,1610612764,WAS,Washington Wizards,0022100275,2021-11-24,WAS @ NOP,L,240,36,84,0.429,7,31,0.226,23,36,0.639,13,32,45,23,5,3,19,23,102,-25,1
551,22021,1610612740,NOP,New Orleans Pelicans,0022100275,2021-11-24,NOP vs. WAS,W,240,44,96,0.458,12,29,0.414,27,32,0.844,12,40,52,33,13,2,11,26,127,25,1
552,22021,1610612759,SAS,San Antonio Spurs,0022100277,2021-11-24,SAS vs. ATL,L,240,43,100,0.43,12,33,0.364,8,10,0.8,15,29,44,27,8,4,12,16,106,-18,1
553,22021,1610612737,ATL,Atlanta Hawks,0022100277,2021-11-24,ATL @ SAS,W,240,45,88,0.511,12,26,0.462,22,24,0.917,8,36,44,26,10,5,11,11,124,18,1
554,22021,1610612758,SAC,Sacramento Kings,0022100279,2021-11-24,SAC vs. POR,W,240,45,86,0.523,12,33,0.364,23,34,0.676,14,29,43,21,4,4,14,21,125,4,1
555,22021,1610612757,POR,Portland Trail Blazers,0022100279,2021-11-24,POR @ SAC,L,240,44,94,0.468,12,38,0.316,21,25,0.84,13,30,43,27,9,1,15,26,121,-4,1
556,22021,1610612744,GSW,Golden State Warriors,0022100278,2021-11-24,GSW vs. PHI,W,240,42,80,0.525,15,38,0.395,17,24,0.708,4,37,41,32,7,5,16,21,116,20,1
557,22021,1610612755,PHI,Philadelphia 76ers,0022100278,2021-11-24,PHI @ GSW,L,240,34,80,0.425,8,28,0.286,20,22,0.909,8,33,41,17,10,7,21,22,96,-20,1
558,22021,1610612756,PHX,Phoenix Suns,0022100282,2021-11-26,PHX @ NYK,W,240,44,79,0.557,13,28,0.464,17,21,0.81,1,34,35,28,10,2,11,19,118,21,1
559,22021,1610612752,NYK,New York Knicks,0022100282,2021-11-26,NYK vs. PHX,L,240,34,92,0.37,12,39,0.308,17,22,0.773,17,34,51,13,7,1,16,20,97,-21,1
560,22021,1610612765,DET,Detroit Pistons,0022100280,2021-11-26,DET @ LAC,L,240,33,90,0.367,8,33,0.242,22,26,0.846,13,39,52,17,8,4,15,19,96,-11,1
561,22021,1610612746,LAC,LA Clippers,0022100280,2021-11-26,LAC vs. DET,W,240,39,91,0.429,11,38,0.289,18,19,0.947,11,43,54,26,9,4,15,27,107,11,1
562,22021,1610612750,MIN,Minnesota Timberwolves,0022100281,2021-11-26,MIN @ CHA,L,240,45,100,0.45,11,35,0.314,14,19,0.737,15,30,45,24,8,6,12,20,115,-18,1
563,22021,1610612766,CHA,Charlotte Hornets,0022100281,2021-11-26,CHA vs. MIN,W,240,49,88,0.557,23,40,0.575,12,15,0.8,7,37,44,32,5,7,16,21,133,18,1
564,22021,1610612753,ORL,Orlando Magic,0022100283,2021-11-26,ORL vs. CHI,L,240,30,80,0.375,7,32,0.219,21,30,0.7,5,31,36,18,7,5,15,16,88,-35,1
565,22021,1610612741,CHI,Chicago Bulls,0022100283,2021-11-26,CHI @ ORL,W,240,48,86,0.558,17,34,0.5,10,16,0.625,6,41,47,32,11,1,14,24,123,35,1
566,22021,1610612763,MEM,Memphis Grizzlies,0022100285,2021-11-26,MEM vs. ATL,L,240,37,91,0.407,12,38,0.316,14,19,0.737,10,26,36,27,8,7,13,19,100,-32,1
567,22021,1610612737,ATL,Atlanta Hawks,0022100285,2021-11-26,ATL @ MEM,W,240,52,89,0.584,13,27,0.481,15,21,0.714,9,40,49,33,8,5,12,15,132,32,1
568,22021,1610612754,IND,Indiana Pacers,0022100284,2021-11-26,IND vs. TOR,W,240,47,97,0.485,11,39,0.282,9,11,0.818,17,36,53,31,6,4,13,19,114,17,1
569,22021,1610612761,TOR,Toronto Raptors,0022100284,2021-11-26,TOR @ IND,L,240,37,89,0.416,7,30,0.233,16,22,0.727,13,28,41,17,8,3,11,18,97,-17,1
570,22021,1610612764,WAS,Washington Wizards,0022100286,2021-11-26,WAS @ OKC,W,240,38,79,0.481,10,29,0.345,15,15,1.0,5,38,43,17,2,12,15,15,101,2,1
571,22021,1610612760,OKC,Oklahoma City Thunder,0022100286,2021-11-26,OKC vs. WAS,L,240,38,94,0.404,11,33,0.333,12,14,0.857,10,31,41,23,7,4,10,15,99,-2,1
572,22021,1610612738,BOS,Boston Celtics,0022100287,2021-11-26,BOS @ SAS,L,240,34,92,0.37,10,34,0.294,10,15,0.667,12,39,51,20,4,8,11,20,88,-8,1
573,22021,1610612759,SAS,San Antonio Spurs,0022100287,2021-11-26,SAS vs. BOS,W,240,38,87,0.437,6,24,0.25,14,19,0.737,8,45,53,21,7,6,11,15,96,8,1
574,22021,1610612743,DEN,Denver Nuggets,0022100288,2021-11-26,DEN vs. MIL,L,240,40,92,0.435,17,47,0.362,12,14,0.857,9,22,31,24,9,2,8,19,109,-11,1
575,22021,1610612749,MIL,Milwaukee Bucks,0022100288,2021-11-26,MIL @ DEN,W,240,46,73,0.63,16,33,0.485,12,20,0.6,5,39,44,24,3,7,22,14,120,11,1
576,22021,1610612740,NOP,New Orleans Pelicans,0022100289,2021-11-26,NOP @ UTA,W,240,38,89,0.427,11,27,0.407,11,13,0.846,6,33,39,27,8,4,14,21,98,1,1
577,22021,1610612762,UTA,Utah Jazz,0022100289,2021-11-26,UTA vs. NOP,L,240,36,80,0.45,13,33,0.394,12,18,0.667,9,34,43,17,6,8,18,22,97,-1,1
578,22021,1610612757,POR,Portland Trail Blazers,0022100290,2021-11-26,POR @ GSW,L,240,36,86,0.419,13,38,0.342,18,23,0.783,7,30,37,23,7,2,10,13,103,-15,1
579,22021,1610612744,GSW,Golden State Warriors,0022100290,2021-11-26,GSW vs. POR,W,240,47,87,0.54,12,37,0.324,12,16,0.75,11,37,48,31,8,5,15,19,118,15,1
580,22021,1610612747,LAL,Los Angeles Lakers,0022100291,2021-11-26,LAL vs. SAC,L,315,51,102,0.5,15,44,0.341,20,28,0.714,9,42,51,32,9,6,19,27,137,-4,1
581,22021,1610612758,SAC,Sacramento Kings,0022100291,2021-11-26,SAC @ LAL,W,315,54,120,0.45,14,45,0.311,19,29,0.655,16,40,56,32,11,4,15,26,141,4,1
582,22021,1610612741,CHI,Chicago Bulls,0022100296,2021-11-27,CHI vs. MIA,L,240,38,81,0.469,11,39,0.282,17,21,0.81,10,37,47,22,6,4,23,20,104,-3,1
583,22021,1610612748,MIA,Miami Heat,0022100296,2021-11-27,MIA @ CHI,W,240,37,86,0.43,14,40,0.35,19,22,0.864,9,27,36,23,13,1,10,19,107,3,1
584,22021,1610612745,HOU,Houston Rockets,0022100297,2021-11-27,HOU vs. CHA,W,265,51,95,0.537,23,49,0.469,21,31,0.677,10,31,41,36,5,4,15,25,146,3,1
585,22021,1610612766,CHA,Charlotte Hornets,0022100297,2021-11-27,CHA @ HOU,L,265,48,103,0.466,20,50,0.4,27,30,0.9,16,23,39,31,10,5,11,23,143,-3,1
586,22021,1610612742,DAL,Dallas Mavericks,0022100298,2021-11-27,DAL vs. WAS,L,240,42,89,0.472,14,38,0.368,16,22,0.727,9,26,35,23,7,4,7,21,114,-6,1
587,22021,1610612764,WAS,Washington Wizards,0022100298,2021-11-27,WAS @ DAL,W,240,45,78,0.577,9,24,0.375,21,26,0.808,7,36,43,28,4,4,15,18,120,6,1
588,22021,1610612740,NOP,New Orleans Pelicans,0022100299,2021-11-27,NOP @ UTA,L,240,40,93,0.43,8,35,0.229,17,21,0.81,14,31,45,27,8,3,15,20,105,-22,1
589,22021,1610612762,UTA,Utah Jazz,0022100299,2021-11-27,UTA vs. NOP,W,240,45,80,0.563,20,35,0.571,17,22,0.773,7,34,41,24,9,4,18,25,127,22,1
590,22021,1610612750,MIN,Minnesota Timberwolves,0022100292,2021-11-27,MIN @ PHI,W,290,48,96,0.5,14,36,0.389,11,16,0.688,11,43,54,22,7,6,21,31,121,1,1
591,22021,1610612755,PHI,Philadelphia 76ers,0022100292,2021-11-27,PHI vs. MIN,L,290,39,93,0.419,12,34,0.353,30,39,0.769,12,32,44,27,13,5,16,25,120,-1,1
592,22021,1610612737,ATL,Atlanta Hawks,0022100293,2021-11-27,ATL vs. NYK,L,240,33,93,0.355,9,37,0.243,15,20,0.75,13,39,52,18,8,6,7,17,90,-9,1
593,22021,1610612752,NYK,New York Knicks,0022100293,2021-11-27,NYK @ ATL,W,240,36,82,0.439,11,29,0.379,16,22,0.727,8,42,50,20,4,3,10,17,99,9,1
594,22021,1610612751,BKN,Brooklyn Nets,0022100294,2021-11-27,BKN vs. PHX,L,240,42,84,0.5,7,23,0.304,16,21,0.762,10,37,47,25,7,5,20,15,107,-6,1
595,22021,1610612756,PHX,Phoenix Suns,0022100294,2021-11-27,PHX @ BKN,W,240,41,92,0.446,13,38,0.342,18,21,0.857,11,30,41,17,11,1,13,17,113,6,1
596,22021,1610612753,ORL,Orlando Magic,0022100295,2021-11-27,ORL @ CLE,L,240,35,88,0.398,8,32,0.25,14,23,0.609,8,35,43,21,11,5,9,16,92,-13,1
597,22021,1610612739,CLE,Cleveland Cavaliers,0022100295,2021-11-27,CLE vs. ORL,W,240,41,90,0.456,14,39,0.359,9,12,0.75,10,41,51,28,3,9,13,18,105,13,1
598,22021,1610612754,IND,Indiana Pacers,0022100301,2021-11-28,IND vs. MIL,L,240,38,92,0.413,12,45,0.267,12,16,0.75,12,33,45,21,6,2,13,21,100,-18,1
599,22021,1610612749,MIL,Milwaukee Bucks,0022100301,2021-11-28,MIL @ IND,W,240,46,90,0.511,8,35,0.229,18,22,0.818,13,39,52,27,7,3,14,14,118,18,1
600,22021,1610612761,TOR,Toronto Raptors,0022100302,2021-11-28,TOR vs. BOS,L,240,35,93,0.376,13,42,0.31,14,16,0.875,14,30,44,19,6,5,11,24,97,-12,1
601,22021,1610612738,BOS,Boston Celtics,0022100302,2021-11-28,BOS @ TOR,W,240,34,82,0.415,12,34,0.353,29,31,0.935,12,41,53,24,5,3,18,19,109,12,1
602,22021,1610612758,SAC,Sacramento Kings,0022100303,2021-11-28,SAC @ MEM,L,240,33,97,0.34,9,42,0.214,26,37,0.703,12,37,49,17,5,8,8,18,101,-27,1
603,22021,1610612763,MEM,Memphis Grizzlies,0022100303,2021-11-28,MEM vs. SAC,W,240,50,104,0.481,13,39,0.333,15,20,0.75,14,54,68,30,4,11,10,25,128,27,1
604,22021,1610612747,LAL,Los Angeles Lakers,0022100304,2021-11-28,LAL vs. DET,W,240,43,86,0.5,9,32,0.281,15,25,0.6,6,36,42,32,11,8,12,18,110,4,1
605,22021,1610612765,DET,Detroit Pistons,0022100304,2021-11-28,DET @ LAL,L,240,38,89,0.427,13,33,0.394,17,19,0.895,12,41,53,29,5,4,17,20,106,-4,1
606,22021,1610612744,GSW,Golden State Warriors,0022100300,2021-11-28,GSW @ LAC,W,240,38,86,0.442,17,40,0.425,12,22,0.545,11,32,43,25,19,2,17,27,105,15,1
607,22021,1610612746,LAC,LA Clippers,0022100300,2021-11-28,LAC vs. GSW,L,240,32,80,0.4,9,28,0.321,17,25,0.68,15,32,47,18,8,3,25,21,90,-15,1
608,22021,1610612755,PHI,Philadelphia 76ers,0022100305,2021-11-29,PHI vs. ORL,W,240,39,97,0.402,10,33,0.303,13,18,0.722,12,43,55,24,7,6,11,19,101,5,1
609,22021,1610612753,ORL,Orlando Magic,0022100305,2021-11-29,ORL @ PHI,L,240,37,90,0.411,8,33,0.242,14,18,0.778,8,47,55,20,7,6,12,21,96,-5,1
610,22021,1610612760,OKC,Oklahoma City Thunder,0022100308,2021-11-29,OKC @ HOU,L,240,31,87,0.356,7,43,0.163,20,26,0.769,4,41,45,16,10,10,13,14,89,-13,1
611,22021,1610612745,HOU,Houston Rockets,0022100308,2021-11-29,HOU vs. OKC,W,240,40,96,0.417,15,46,0.326,7,11,0.636,9,51,60,31,7,5,14,19,102,13,1
612,22021,1610612750,MIN,Minnesota Timberwolves,0022100309,2021-11-29,MIN vs. IND,W,240,36,82,0.439,9,35,0.257,19,26,0.731,8,39,47,25,8,5,14,25,100,2,1
613,22021,1610612754,IND,Indiana Pacers,0022100309,2021-11-29,IND @ MIN,L,240,36,91,0.396,9,37,0.243,17,21,0.81,8,39,47,27,6,3,14,18,98,-2,1
614,22021,1610612741,CHI,Chicago Bulls,0022100307,2021-11-29,CHI vs. CHA,W,240,53,89,0.596,14,30,0.467,13,19,0.684,5,36,41,35,3,5,11,19,133,14,1
615,22021,1610612766,CHA,Charlotte Hornets,0022100307,2021-11-29,CHA @ CHI,L,240,42,88,0.477,18,39,0.462,17,21,0.81,5,29,34,23,7,9,9,14,119,-14,1
616,22021,1610612748,MIA,Miami Heat,0022100306,2021-11-29,MIA vs. DEN,L,240,43,91,0.473,15,44,0.341,10,15,0.667,12,27,39,32,2,1,9,18,111,-9,1
617,22021,1610612743,DEN,Denver Nuggets,0022100306,2021-11-29,DEN @ MIA,W,240,43,74,0.581,18,35,0.514,16,21,0.762,5,30,35,32,2,1,13,18,120,9,1
618,22021,1610612742,DAL,Dallas Mavericks,0022100310,2021-11-29,DAL vs. CLE,L,240,39,89,0.438,12,39,0.308,6,15,0.4,7,26,33,20,8,7,10,15,96,-18,1
619,22021,1610612739,CLE,Cleveland Cavaliers,0022100310,2021-11-29,CLE @ DAL,W,240,45,80,0.563,10,19,0.526,14,18,0.778,5,43,48,29,3,4,20,22,114,18,1
620,22021,1610612764,WAS,Washington Wizards,0022100311,2021-11-29,WAS @ SAS,L,240,41,92,0.446,9,31,0.29,8,13,0.615,12,28,40,26,5,3,7,15,99,-17,1
621,22021,1610612759,SAS,San Antonio Spurs,0022100311,2021-11-29,SAS vs. WAS,W,240,49,92,0.533,8,18,0.444,10,16,0.625,15,36,51,28,4,6,10,15,116,17,1
622,22021,1610612757,POR,Portland Trail Blazers,0022100312,2021-11-29,POR @ UTA,L,240,42,91,0.462,11,31,0.355,12,17,0.706,12,30,42,19,1,3,9,18,107,-22,1
623,22021,1610612762,UTA,Utah Jazz,0022100312,2021-11-29,UTA vs. POR,W,240,47,89,0.528,19,46,0.413,16,23,0.696,8,35,43,30,6,3,5,19,129,22,1
624,22021,1610612740,NOP,New Orleans Pelicans,0022100313,2021-11-29,NOP @ LAC,W,240,48,94,0.511,14,35,0.4,13,16,0.813,14,33,47,30,11,1,8,21,123,19,1
625,22021,1610612746,LAC,LA Clippers,0022100313,2021-11-29,LAC vs. NOP,L,240,37,72,0.514,14,36,0.389,16,21,0.762,4,31,35,17,2,2,15,16,104,-19,1
626,22021,1610612761,TOR,Toronto Raptors,0022100315,2021-11-30,TOR vs. MEM,L,240,36,91,0.396,10,39,0.256,9,12,0.75,11,33,44,14,7,9,18,21,91,-7,1
627,22021,1610612763,MEM,Memphis Grizzlies,0022100315,2021-11-30,MEM @ TOR,W,240,36,93,0.387,10,34,0.294,16,19,0.842,18,36,54,18,13,10,17,15,98,7,1
628,22021,1610612751,BKN,Brooklyn Nets,0022100314,2021-11-30,BKN vs. NYK,W,240,41,85,0.482,8,28,0.286,22,25,0.88,9,29,38,27,7,7,9,14,112,2,1
629,22021,1610612752,NYK,New York Knicks,0022100314,2021-11-30,NYK @ BKN,L,240,44,91,0.484,11,32,0.344,11,12,0.917,10,32,42,27,5,2,11,21,110,-2,1
630,22021,1610612744,GSW,Golden State Warriors,0022100316,2021-11-30,GSW @ PHX,L,240,36,86,0.419,14,40,0.35,10,14,0.714,15,36,51,25,7,5,23,13,96,-8,1
631,22021,1610612756,PHX,Phoenix Suns,0022100316,2021-11-30,PHX vs. GSW,W,240,43,87,0.494,12,30,0.4,6,11,0.545,8,27,35,28,12,4,13,12,104,8,1
632,22021,1610612765,DET,Detroit Pistons,0022100317,2021-11-30,DET @ POR,L,240,29,76,0.382,9,35,0.257,25,30,0.833,7,38,45,17,4,7,19,20,92,-18,1
633,22021,1610612757,POR,Portland Trail Blazers,0022100317,2021-11-30,POR vs. DET,W,240,41,96,0.427,14,42,0.333,14,18,0.778,10,33,43,24,8,5,11,22,110,18,1
634,22021,1610612747,LAL,Los Angeles Lakers,0022100318,2021-11-30,LAL @ SAC,W,240,46,92,0.5,11,28,0.393,14,20,0.7,10,37,47,21,10,6,15,20,117,25,1
635,22021,1610612758,SAC,Sacramento Kings,0022100318,2021-11-30,SAC vs. LAL,L,240,35,79,0.443,6,29,0.207,16,22,0.727,9,31,40,22,11,4,20,21,92,-25,1
636,22021,1610612737,ATL,Atlanta Hawks,0022100319,2021-12-01,ATL @ IND,W,240,44,86,0.512,16,33,0.485,10,12,0.833,7,34,41,24,4,8,13,15,114,3,1
637,22021,1610612754,IND,Indiana Pacers,0022100319,2021-12-01,IND vs. ATL,L,240,44,90,0.489,10,33,0.303,13,16,0.813,8,32,40,23,8,4,10,18,111,-3,1
638,22021,1610612743,DEN,Denver Nuggets,0022100320,2021-12-01,DEN @ ORL,L,240,39,80,0.488,10,34,0.294,15,21,0.714,1,34,35,22,5,4,15,19,103,-5,1
639,22021,1610612753,ORL,Orlando Magic,0022100320,2021-12-01,ORL vs. DEN,W,240,44,81,0.543,6,27,0.222,14,19,0.737,1,38,39,26,8,6,13,15,108,5,1
640,22021,1610612764,WAS,Washington Wizards,0022100321,2021-12-01,WAS vs. MIN,W,240,45,91,0.495,10,32,0.313,15,21,0.714,14,38,52,34,6,7,14,23,115,8,1
641,22021,1610612750,MIN,Minnesota Timberwolves,0022100321,2021-12-01,MIN @ WAS,L,240,37,88,0.42,11,37,0.297,22,26,0.846,12,27,39,15,3,6,13,23,107,-8,1
642,22021,1610612748,MIA,Miami Heat,0022100323,2021-12-01,MIA vs. CLE,L,240,32,85,0.376,12,37,0.324,9,13,0.692,9,19,28,21,8,4,13,17,85,-26,1
643,22021,1610612739,CLE,Cleveland Cavaliers,0022100323,2021-12-01,CLE @ MIA,W,240,37,68,0.544,16,31,0.516,21,23,0.913,6,40,46,27,8,14,21,15,111,26,1
644,22021,1610612738,BOS,Boston Celtics,0022100322,2021-12-01,BOS vs. PHI,W,240,33,79,0.418,11,28,0.393,11,15,0.733,4,42,46,18,5,8,13,15,88,1,1
645,22021,1610612755,PHI,Philadelphia 76ers,0022100322,2021-12-01,PHI @ BOS,L,240,33,89,0.371,8,31,0.258,13,17,0.765,8,38,46,20,7,9,7,17,87,-1,1
646,22021,1610612742,DAL,Dallas Mavericks,0022100325,2021-12-01,DAL @ NOP,W,240,57,83,0.687,18,34,0.529,7,9,0.778,9,25,34,32,7,2,18,19,139,32,1
647,22021,1610612740,NOP,New Orleans Pelicans,0022100325,2021-12-01,NOP vs. DAL,L,240,40,89,0.449,13,37,0.351,14,16,0.875,16,16,32,22,10,1,16,12,107,-32,1
648,22021,1610612760,OKC,Oklahoma City Thunder,0022100326,2021-12-01,OKC vs. HOU,L,240,40,85,0.471,8,32,0.25,22,29,0.759,10,25,35,16,9,6,13,21,110,-4,1
649,22021,1610612745,HOU,Houston Rockets,0022100326,2021-12-01,HOU @ OKC,W,240,40,79,0.506,15,37,0.405,19,22,0.864,8,32,40,25,9,12,19,25,114,4,1
650,22021,1610612766,CHA,Charlotte Hornets,0022100324,2021-12-01,CHA @ MIL,L,240,43,87,0.494,21,51,0.412,18,21,0.857,3,33,36,30,8,9,17,21,125,-2,1
651,22021,1610612749,MIL,Milwaukee Bucks,0022100324,2021-12-01,MIL vs. CHA,W,240,46,94,0.489,14,36,0.389,21,26,0.808,9,36,45,29,10,1,13,20,127,2,1
652,22021,1610612758,SAC,Sacramento Kings,0022100327,2021-12-01,SAC @ LAC,W,240,46,88,0.523,15,38,0.395,17,20,0.85,7,31,38,28,8,1,12,16,124,9,1
653,22021,1610612746,LAC,LA Clippers,0022100327,2021-12-01,LAC vs. SAC,L,240,47,100,0.47,9,31,0.29,12,16,0.75,17,32,49,35,8,6,13,15,115,-9,1
654,22021,1610612752,NYK,New York Knicks,0022100328,2021-12-02,NYK vs. CHI,L,240,42,82,0.512,9,26,0.346,22,27,0.815,10,29,39,19,10,8,18,20,115,-4,1
655,22021,1610612741,CHI,Chicago Bulls,0022100328,2021-12-02,CHI @ NYK,W,240,44,89,0.494,11,29,0.379,20,21,0.952,13,26,39,24,10,8,15,22,119,4,1
656,22021,1610612761,TOR,Toronto Raptors,0022100329,2021-12-02,TOR vs. MIL,W,240,37,88,0.42,14,40,0.35,9,14,0.643,15,32,47,23,10,7,14,24,97,4,1
657,22021,1610612749,MIL,Milwaukee Bucks,0022100329,2021-12-02,MIL @ TOR,L,240,32,85,0.376,11,31,0.355,18,25,0.72,16,31,47,16,4,4,15,12,93,-4,1
658,22021,1610612760,OKC,Oklahoma City Thunder,0022100330,2021-12-02,OKC @ MEM,L,240,25,76,0.329,11,38,0.289,18,22,0.818,8,18,26,14,2,5,20,14,79,-73,1
659,22021,1610612763,MEM,Memphis Grizzlies,0022100330,2021-12-02,MEM vs. OKC,W,240,60,96,0.625,19,36,0.528,13,18,0.722,14,39,53,41,16,9,10,15,152,73,1
660,22021,1610612756,PHX,Phoenix Suns,0022100331,2021-12-02,PHX vs. DET,W,240,43,79,0.544,12,21,0.571,16,23,0.696,6,38,44,23,8,3,15,20,114,11,1
661,22021,1610612765,DET,Detroit Pistons,0022100331,2021-12-02,DET @ PHX,L,240,36,80,0.45,11,27,0.407,20,26,0.769,7,29,36,20,6,6,13,22,103,-11,1
662,22021,1610612757,POR,Portland Trail Blazers,0022100332,2021-12-02,POR vs. SAS,L,240,29,82,0.354,12,34,0.353,13,17,0.765,8,33,41,19,8,6,18,20,83,-31,1
663,22021,1610612759,SAS,San Antonio Spurs,0022100332,2021-12-02,SAS @ POR,W,240,44,91,0.484,14,36,0.389,12,16,0.75,6,42,48,32,10,5,14,15,114,31,1
664,22021,1610612764,WAS,Washington Wizards,0022100334,2021-12-03,WAS vs. CLE,L,240,38,82,0.463,10,31,0.323,15,19,0.789,3,30,33,21,5,4,10,22,101,-15,1
665,22021,1610612739,CLE,Cleveland Cavaliers,0022100334,2021-12-03,CLE @ WAS,W,240,42,89,0.472,13,30,0.433,19,25,0.76,15,39,54,30,2,5,16,19,116,15,1
666,22021,1610612737,ATL,Atlanta Hawks,0022100335,2021-12-03,ATL vs. PHI,L,240,31,76,0.408,10,28,0.357,24,30,0.8,11,36,47,20,5,3,15,20,96,-2,1
667,22021,1610612755,PHI,Philadelphia 76ers,0022100335,2021-12-03,PHI @ ATL,W,240,38,81,0.469,9,22,0.409,13,17,0.765,6,34,40,22,8,5,11,24,98,2,1
668,22021,1610612740,NOP,New Orleans Pelicans,0022100338,2021-12-03,NOP @ DAL,W,240,37,90,0.411,12,30,0.4,21,28,0.75,13,42,55,30,5,5,10,26,107,16,1
669,22021,1610612742,DAL,Dallas Mavericks,0022100338,2021-12-03,DAL vs. NOP,L,240,32,79,0.405,10,34,0.294,17,26,0.654,5,37,42,17,4,3,15,23,91,-16,1
670,22021,1610612748,MIA,Miami Heat,0022100333,2021-12-03,MIA @ IND,W,240,43,81,0.531,16,34,0.471,11,13,0.846,9,29,38,24,5,6,13,22,113,9,1
671,22021,1610612754,IND,Indiana Pacers,0022100333,2021-12-03,IND vs. MIA,L,240,35,80,0.438,9,36,0.25,25,33,0.758,12,27,39,20,7,3,13,19,104,-9,1
672,22021,1610612746,LAC,LA Clippers,0022100341,2021-12-03,LAC @ LAL,W,240,41,81,0.506,16,35,0.457,21,24,0.875,6,28,34,28,5,3,10,19,119,4,1
673,22021,1610612747,LAL,Los Angeles Lakers,0022100341,2021-12-03,LAL vs. LAC,L,240,45,90,0.5,12,33,0.364,13,21,0.619,13,30,43,28,8,3,12,19,115,-4,1
674,22021,1610612751,BKN,Brooklyn Nets,0022100336,2021-12-03,BKN vs. MIN,W,240,36,76,0.474,6,23,0.261,32,41,0.78,7,34,41,26,4,4,17,31,110,5,1
675,22021,1610612750,MIN,Minnesota Timberwolves,0022100336,2021-12-03,MIN @ BKN,L,240,36,93,0.387,13,42,0.31,20,24,0.833,16,28,44,22,5,4,18,25,105,-5,1
676,22021,1610612756,PHX,Phoenix Suns,0022100340,2021-12-03,PHX @ GSW,L,240,31,81,0.383,8,22,0.364,26,35,0.743,9,29,38,23,9,3,16,15,96,-22,1
677,22021,1610612744,GSW,Golden State Warriors,0022100340,2021-12-03,GSW vs. PHX,W,240,45,92,0.489,19,39,0.487,9,12,0.75,11,40,51,30,10,8,17,29,118,22,1
678,22021,1610612753,ORL,Orlando Magic,0022100337,2021-12-03,ORL @ HOU,L,240,42,86,0.488,13,37,0.351,19,21,0.905,10,35,45,24,6,4,18,21,116,-2,1
679,22021,1610612745,HOU,Houston Rockets,0022100337,2021-12-03,HOU vs. ORL,W,240,44,92,0.478,17,47,0.362,13,15,0.867,7,28,35,33,7,5,12,16,118,2,1
680,22021,1610612738,BOS,Boston Celtics,0022100339,2021-12-03,BOS @ UTA,L,240,47,91,0.516,14,39,0.359,22,22,1.0,5,25,30,23,9,3,6,22,130,-7,1
681,22021,1610612762,UTA,Utah Jazz,0022100339,2021-12-03,UTA vs. BOS,W,240,45,81,0.556,27,51,0.529,20,23,0.87,9,35,44,26,3,3,20,27,137,7,1
682,22021,1610612752,NYK,New York Knicks,0022100342,2021-12-04,NYK vs. DEN,L,240,35,88,0.398,12,40,0.3,17,21,0.81,16,24,40,23,7,3,11,12,99,-14,1
683,22021,1610612743,DEN,Denver Nuggets,0022100342,2021-12-04,DEN @ NYK,W,240,44,84,0.524,20,43,0.465,5,5,1.0,8,34,42,30,10,5,13,19,113,14,1
684,22021,1610612738,BOS,Boston Celtics,0022100347,2021-12-04,BOS @ POR,W,240,49,87,0.563,21,37,0.568,26,29,0.897,12,34,46,26,5,7,12,21,145,28,1
685,22021,1610612757,POR,Portland Trail Blazers,0022100347,2021-12-04,POR vs. BOS,L,240,42,89,0.472,8,29,0.276,25,32,0.781,9,23,32,22,7,2,9,21,117,-28,1
686,22021,1610612741,CHI,Chicago Bulls,0022100343,2021-12-04,CHI @ BKN,W,240,41,86,0.477,10,31,0.323,19,27,0.704,7,40,47,22,4,10,9,12,111,4,1
687,22021,1610612751,BKN,Brooklyn Nets,0022100343,2021-12-04,BKN vs. CHI,L,240,46,111,0.414,8,25,0.32,7,9,0.778,15,40,55,28,8,6,7,19,107,-4,1
688,22021,1610612748,MIA,Miami Heat,0022100344,2021-12-04,MIA @ MIL,L,240,34,84,0.405,17,43,0.395,17,24,0.708,9,30,39,29,6,5,15,17,102,-22,1
689,22021,1610612749,MIL,Milwaukee Bucks,0022100344,2021-12-04,MIL vs. MIA,W,240,44,98,0.449,18,50,0.36,18,20,0.9,19,38,57,32,3,6,14,22,124,22,1
690,22021,1610612744,GSW,Golden State Warriors,0022100346,2021-12-04,GSW vs. SAS,L,240,40,90,0.444,13,39,0.333,14,21,0.667,11,34,45,26,6,2,13,18,107,-5,1
691,22021,1610612759,SAS,San Antonio Spurs,0022100346,2021-12-04,SAS @ GSW,W,240,42,88,0.477,12,35,0.343,16,19,0.842,11,34,45,24,10,4,12,17,112,5,1
692,22021,1610612742,DAL,Dallas Mavericks,0022100345,2021-12-04,DAL vs. MEM,L,240,31,92,0.337,15,43,0.349,13,19,0.684,14,28,42,19,10,1,15,21,90,-7,1
693,22021,1610612763,MEM,Memphis Grizzlies,0022100345,2021-12-04,MEM @ DAL,W,240,37,76,0.487,9,26,0.346,14,24,0.583,10,42,52,20,10,5,23,23,97,7,1
694,22021,1610612746,LAC,LA Clippers,0022100348,2021-12-04,LAC @ SAC,L,240,34,89,0.382,13,34,0.382,18,27,0.667,9,38,47,23,7,3,18,24,99,-5,1
695,22021,1610612758,SAC,Sacramento Kings,0022100348,2021-12-04,SAC vs. LAC,W,240,36,86,0.419,12,34,0.353,20,25,0.8,11,40,51,19,8,8,17,25,104,5,1
696,22021,1610612739,CLE,Cleveland Cavaliers,0022100349,2021-12-05,CLE vs. UTA,L,240,42,91,0.462,14,38,0.368,10,13,0.769,15,30,45,20,12,5,14,8,108,-1,1
697,22021,1610612762,UTA,Utah Jazz,0022100349,2021-12-05,UTA @ CLE,W,240,40,90,0.444,20,48,0.417,9,10,0.9,14,32,46,24,8,5,17,14,109,1,1
698,22021,1610612761,TOR,Toronto Raptors,0022100351,2021-12-05,TOR vs. WAS,W,240,38,85,0.447,8,23,0.348,18,24,0.75,10,37,47,22,3,1,8,24,102,12,1
699,22021,1610612764,WAS,Washington Wizards,0022100351,2021-12-05,WAS @ TOR,L,240,30,73,0.411,8,25,0.32,22,29,0.759,6,37,43,20,4,5,10,22,90,-12,1
700,22021,1610612766,CHA,Charlotte Hornets,0022100350,2021-12-05,CHA @ ATL,W,240,46,86,0.535,17,37,0.459,21,28,0.75,7,32,39,21,9,3,6,18,130,3,1
701,22021,1610612737,ATL,Atlanta Hawks,0022100350,2021-12-05,ATL vs. CHA,L,240,48,93,0.516,17,37,0.459,14,18,0.778,10,35,45,29,4,3,11,19,127,-3,1
702,22021,1610612745,HOU,Houston Rockets,0022100352,2021-12-05,HOU vs. NOP,W,240,39,79,0.494,17,40,0.425,23,29,0.793,11,29,40,24,3,3,14,23,118,10,1
703,22021,1610612740,NOP,New Orleans Pelicans,0022100352,2021-12-05,NOP @ HOU,L,240,40,94,0.426,10,38,0.263,18,25,0.72,22,28,50,19,9,9,8,26,108,-10,1
704,22021,1610612749,MIL,Milwaukee Bucks,0022100358,2021-12-06,MIL vs. CLE,W,240,40,86,0.465,13,32,0.406,19,24,0.792,8,45,53,21,7,5,17,20,112,8,1
705,22021,1610612739,CLE,Cleveland Cavaliers,0022100358,2021-12-06,CLE @ MIL,L,240,35,90,0.389,15,46,0.326,19,20,0.95,7,32,39,27,8,4,10,17,104,-8,1
706,22021,1610612756,PHX,Phoenix Suns,0022100360,2021-12-06,PHX vs. SAS,W,240,43,94,0.457,10,29,0.345,12,18,0.667,15,34,49,27,6,4,17,20,108,4,1
707,22021,1610612759,SAS,San Antonio Spurs,0022100360,2021-12-06,SAS @ PHX,L,240,40,93,0.43,11,29,0.379,13,19,0.684,9,32,41,31,12,6,15,18,104,-4,1
708,22021,1610612757,POR,Portland Trail Blazers,0022100362,2021-12-06,POR vs. LAC,L,240,35,79,0.443,5,22,0.227,15,20,0.75,7,38,45,16,6,6,18,19,90,-12,1
709,22021,1610612746,LAC,LA Clippers,0022100362,2021-12-06,LAC @ POR,W,240,41,92,0.446,11,36,0.306,9,14,0.643,7,30,37,18,8,7,13,21,102,12,1
710,22021,1610612753,ORL,Orlando Magic,0022100361,2021-12-06,ORL @ GSW,L,240,33,76,0.434,11,38,0.289,18,22,0.818,5,33,38,18,10,4,23,20,95,-31,1
711,22021,1610612744,GSW,Golden State Warriors,0022100361,2021-12-06,GSW vs. ORL,W,240,43,87,0.494,20,40,0.5,20,29,0.69,7,36,43,28,15,2,15,19,126,31,1
712,22021,1610612764,WAS,Washington Wizards,0022100355,2021-12-06,WAS @ IND,L,240,43,81,0.531,7,15,0.467,17,21,0.81,9,21,30,25,11,2,12,19,110,-6,1
713,22021,1610612754,IND,Indiana Pacers,0022100355,2021-12-06,IND vs. WAS,W,240,43,82,0.524,9,23,0.391,21,22,0.955,13,27,40,25,10,10,16,20,116,6,1
714,22021,1610612760,OKC,Oklahoma City Thunder,0022100354,2021-12-06,OKC @ DET,W,240,41,82,0.5,9,25,0.36,23,30,0.767,6,34,40,22,10,11,11,13,114,11,1
715,22021,1610612765,DET,Detroit Pistons,0022100354,2021-12-06,DET vs. OKC,L,240,41,99,0.414,16,41,0.39,5,6,0.833,16,36,52,21,8,7,17,26,103,-11,1
716,22021,1610612755,PHI,Philadelphia 76ers,0022100353,2021-12-06,PHI @ CHA,W,265,46,87,0.529,15,36,0.417,20,27,0.741,8,41,49,28,6,9,15,19,127,3,1
717,22021,1610612766,CHA,Charlotte Hornets,0022100353,2021-12-06,CHA vs. PHI,L,265,48,107,0.449,16,46,0.348,12,17,0.706,13,29,42,31,6,6,8,18,124,-3,1
718,22021,1610612763,MEM,Memphis Grizzlies,0022100356,2021-12-06,MEM @ MIA,W,240,38,89,0.427,13,33,0.394,16,21,0.762,16,31,47,26,11,6,19,18,105,15,1
719,22021,1610612748,MIA,Miami Heat,0022100356,2021-12-06,MIA vs. MEM,L,240,35,76,0.461,6,22,0.273,14,17,0.824,7,29,36,26,11,6,23,19,90,-15,1
720,22021,1610612750,MIN,Minnesota Timberwolves,0022100359,2021-12-06,MIN vs. ATL,L,240,39,98,0.398,17,40,0.425,15,19,0.789,16,34,50,22,9,5,8,17,110,-11,1
721,22021,1610612737,ATL,Atlanta Hawks,0022100359,2021-12-06,ATL @ MIN,W,240,40,90,0.444,25,49,0.51,16,19,0.842,11,38,49,31,5,8,12,20,121,11,1
722,22021,1610612741,CHI,Chicago Bulls,0022100357,2021-12-06,CHI vs. DEN,W,240,41,91,0.451,13,35,0.371,14,20,0.7,13,42,55,25,4,7,11,15,109,12,1
723,22021,1610612743,DEN,Denver Nuggets,0022100357,2021-12-06,DEN @ CHI,L,240,38,96,0.396,11,32,0.344,10,15,0.667,11,39,50,30,5,2,11,17,97,-12,1
724,22021,1610612751,BKN,Brooklyn Nets,0022100363,2021-12-07,BKN @ DAL,W,240,42,83,0.506,8,26,0.308,10,13,0.769,8,42,50,28,3,4,12,22,102,3,1
725,22021,1610612742,DAL,Dallas Mavericks,0022100363,2021-12-07,DAL vs. BKN,L,240,36,90,0.4,9,46,0.196,18,22,0.818,10,29,39,21,6,2,4,15,99,-3,1
726,22021,1610612759,SAS,San Antonio Spurs,0022100364,2021-12-07,SAS vs. NYK,L,240,41,92,0.446,12,31,0.387,15,20,0.75,13,30,43,30,5,4,10,18,109,-12,1
727,22021,1610612752,NYK,New York Knicks,0022100364,2021-12-07,NYK @ SAS,W,240,43,91,0.473,18,38,0.474,17,19,0.895,17,35,52,22,7,5,11,19,121,12,1
728,22021,1610612747,LAL,Los Angeles Lakers,0022100365,2021-12-07,LAL vs. BOS,W,240,48,93,0.516,8,27,0.296,13,17,0.765,13,38,51,25,7,4,16,21,117,15,1
729,22021,1610612738,BOS,Boston Celtics,0022100365,2021-12-07,BOS @ LAL,L,240,36,82,0.439,10,33,0.303,20,29,0.69,7,27,34,27,8,4,13,16,102,-15,1
730,22021,1610612744,GSW,Golden State Warriors,0022100376,2021-12-08,GSW vs. POR,W,240,33,83,0.398,14,46,0.304,24,31,0.774,10,37,47,22,9,3,16,19,104,10,1
731,22021,1610612757,POR,Portland Trail Blazers,0022100376,2021-12-08,POR @ GSW,L,240,33,80,0.413,8,30,0.267,20,28,0.714,7,35,42,24,5,3,16,24,94,-10,1
732,22021,1610612754,IND,Indiana Pacers,0022100369,2021-12-08,IND vs. NYK,W,240,46,86,0.535,10,27,0.37,20,25,0.8,9,33,42,27,8,4,11,19,122,20,1
733,22021,1610612752,NYK,New York Knicks,0022100369,2021-12-08,NYK @ IND,L,240,36,86,0.419,9,30,0.3,21,23,0.913,11,25,36,17,6,8,13,20,102,-20,1
734,22021,1610612741,CHI,Chicago Bulls,0022100367,2021-12-08,CHI @ CLE,L,240,35,84,0.417,7,26,0.269,15,21,0.714,11,26,37,21,6,3,18,17,92,-23,1
735,22021,1610612739,CLE,Cleveland Cavaliers,0022100367,2021-12-08,CLE vs. CHI,W,240,44,80,0.55,13,28,0.464,14,16,0.875,5,37,42,28,10,8,16,22,115,23,1
736,22021,1610612755,PHI,Philadelphia 76ers,0022100366,2021-12-08,PHI @ CHA,W,240,36,75,0.48,13,34,0.382,25,30,0.833,8,28,36,23,6,4,17,21,110,4,1
737,22021,1610612766,CHA,Charlotte Hornets,0022100366,2021-12-08,CHA vs. PHI,L,240,39,80,0.488,10,29,0.345,18,21,0.857,8,27,35,22,7,4,19,24,106,-4,1
738,22021,1610612764,WAS,Washington Wizards,0022100368,2021-12-08,WAS @ DET,W,265,42,88,0.477,12,32,0.375,23,28,0.821,13,32,45,27,6,8,17,21,119,3,1
739,22021,1610612765,DET,Detroit Pistons,0022100368,2021-12-08,DET vs. WAS,L,265,37,79,0.468,13,24,0.542,29,35,0.829,7,30,37,22,9,4,16,26,116,-3,1
740,22021,1610612760,OKC,Oklahoma City Thunder,0022100371,2021-12-08,OKC @ TOR,W,240,38,84,0.452,17,40,0.425,17,20,0.85,7,33,40,28,12,3,14,18,110,1,1
741,22021,1610612761,TOR,Toronto Raptors,0022100371,2021-12-08,TOR vs. OKC,L,240,42,93,0.452,15,41,0.366,10,15,0.667,13,33,46,27,6,5,13,19,109,-1,1
742,22021,1610612749,MIL,Milwaukee Bucks,0022100370,2021-12-08,MIL @ MIA,L,240,36,85,0.424,12,39,0.308,20,27,0.741,12,29,41,18,11,4,19,20,104,-9,1
743,22021,1610612748,MIA,Miami Heat,0022100370,2021-12-08,MIA vs. MIL,W,240,40,77,0.519,22,47,0.468,11,12,0.917,6,36,42,32,6,6,22,23,113,9,1
744,22021,1610612762,UTA,Utah Jazz,0022100374,2021-12-08,UTA @ MIN,W,240,50,88,0.568,25,54,0.463,11,15,0.733,6,42,48,26,6,4,15,20,136,32,1
745,22021,1610612750,MIN,Minnesota Timberwolves,0022100374,2021-12-08,MIN vs. UTA,L,240,38,95,0.4,17,47,0.362,11,17,0.647,9,28,37,19,9,3,16,17,104,-32,1
746,22021,1610612751,BKN,Brooklyn Nets,0022100372,2021-12-08,BKN @ HOU,L,240,35,89,0.393,8,33,0.242,26,31,0.839,14,30,44,18,7,3,13,23,104,-10,1
747,22021,1610612745,HOU,Houston Rockets,0022100372,2021-12-08,HOU vs. BKN,W,240,40,81,0.494,14,41,0.341,20,29,0.69,9,29,38,23,9,9,14,23,114,10,1
748,22021,1610612763,MEM,Memphis Grizzlies,0022100373,2021-12-08,MEM vs. DAL,L,240,36,90,0.4,9,31,0.29,15,25,0.6,12,28,40,23,14,3,13,23,96,-8,1
749,22021,1610612742,DAL,Dallas Mavericks,0022100373,2021-12-08,DAL @ MEM,W,240,37,77,0.481,12,33,0.364,18,23,0.783,10,37,47,24,5,6,19,21,104,8,1
750,22021,1610612740,NOP,New Orleans Pelicans,0022100375,2021-12-08,NOP vs. DEN,L,265,47,90,0.522,11,30,0.367,9,12,0.75,10,36,46,32,8,5,25,22,114,-6,1
751,22021,1610612743,DEN,Denver Nuggets,0022100375,2021-12-08,DEN @ NOP,W,265,45,88,0.511,9,32,0.281,21,27,0.778,5,28,33,28,12,4,12,19,120,6,1
752,22021,1610612758,SAC,Sacramento Kings,0022100377,2021-12-08,SAC vs. ORL,W,240,53,97,0.546,15,34,0.441,21,25,0.84,12,31,43,24,8,7,8,22,142,12,1
753,22021,1610612753,ORL,Orlando Magic,0022100377,2021-12-08,ORL @ SAC,L,240,48,97,0.495,16,34,0.471,18,23,0.783,17,26,43,29,2,5,13,18,130,-12,1
754,22021,1610612746,LAC,LA Clippers,0022100378,2021-12-08,LAC vs. BOS,W,240,40,85,0.471,14,32,0.438,20,22,0.909,9,29,38,20,13,7,20,18,114,3,1
755,22021,1610612738,BOS,Boston Celtics,0022100378,2021-12-08,BOS @ LAC,L,240,41,86,0.477,10,32,0.313,19,21,0.905,14,33,47,26,11,3,23,21,111,-3,1
756,22021,1610612755,PHI,Philadelphia 76ers,0022100379,2021-12-09,PHI vs. UTA,L,240,38,88,0.432,6,33,0.182,14,15,0.933,6,28,34,17,9,4,12,20,96,-22,1
757,22021,1610612762,UTA,Utah Jazz,0022100379,2021-12-09,UTA @ PHI,W,240,43,91,0.473,15,40,0.375,17,24,0.708,16,36,52,22,7,5,12,14,118,22,1
758,22021,1610612763,MEM,Memphis Grizzlies,0022100380,2021-12-09,MEM vs. LAL,W,240,41,94,0.436,14,42,0.333,12,18,0.667,14,33,47,28,18,5,13,14,108,13,1
759,22021,1610612747,LAL,Los Angeles Lakers,0022100380,2021-12-09,LAL @ MEM,L,240,36,78,0.462,12,30,0.4,11,17,0.647,7,38,45,26,8,6,22,15,95,-13,1
760,22021,1610612759,SAS,San Antonio Spurs,0022100381,2021-12-09,SAS vs. DEN,W,240,46,88,0.523,15,35,0.429,16,22,0.727,14,40,54,32,5,7,14,21,123,12,1
761,22021,1610612743,DEN,Denver Nuggets,0022100381,2021-12-09,DEN @ SAS,L,240,42,94,0.447,15,39,0.385,12,13,0.923,5,28,33,29,7,5,9,21,111,-12,1
762,22021,1610612766,CHA,Charlotte Hornets,0022100382,2021-12-10,CHA vs. SAC,W,240,48,87,0.552,14,35,0.4,14,20,0.7,11,28,39,29,9,8,16,20,124,1,1
763,22021,1610612758,SAC,Sacramento Kings,0022100382,2021-12-10,SAC @ CHA,L,240,48,101,0.475,14,41,0.341,13,17,0.765,20,28,48,22,11,4,14,20,123,-1,1
764,22021,1610612752,NYK,New York Knicks,0022100385,2021-12-10,NYK @ TOR,L,240,29,81,0.358,9,34,0.265,20,24,0.833,14,41,55,18,4,2,15,17,87,-3,1
765,22021,1610612761,TOR,Toronto Raptors,0022100385,2021-12-10,TOR vs. NYK,W,240,30,87,0.345,12,35,0.343,18,23,0.783,12,36,48,21,9,7,8,19,90,3,1
766,22021,1610612751,BKN,Brooklyn Nets,0022100384,2021-12-10,BKN @ ATL,W,240,46,93,0.495,6,23,0.261,15,16,0.938,9,32,41,26,9,7,14,22,113,8,1
767,22021,1610612737,ATL,Atlanta Hawks,0022100384,2021-12-10,ATL vs. BKN,L,240,37,94,0.394,11,34,0.324,20,24,0.833,16,33,49,21,10,3,15,19,105,-8,1
768,22021,1610612760,OKC,Oklahoma City Thunder,0022100389,2021-12-10,OKC vs. LAL,L,240,38,96,0.396,10,44,0.227,9,14,0.643,19,32,51,21,9,3,15,17,95,-21,1
769,22021,1610612747,LAL,Los Angeles Lakers,0022100389,2021-12-10,LAL @ OKC,W,240,41,87,0.471,19,42,0.452,15,20,0.75,12,35,47,23,12,3,16,14,116,21,1
770,22021,1610612750,MIN,Minnesota Timberwolves,0022100387,2021-12-10,MIN vs. CLE,L,240,36,92,0.391,11,39,0.282,23,28,0.821,10,30,40,24,9,5,14,19,106,-17,1
771,22021,1610612739,CLE,Cleveland Cavaliers,0022100387,2021-12-10,CLE @ MIN,W,240,46,85,0.541,13,33,0.394,18,22,0.818,6,41,47,34,8,7,17,23,123,17,1
772,22021,1610612749,MIL,Milwaukee Bucks,0022100386,2021-12-10,MIL @ HOU,W,240,42,83,0.506,15,39,0.385,24,32,0.75,13,35,48,19,11,8,15,21,123,9,1
773,22021,1610612745,HOU,Houston Rockets,0022100386,2021-12-10,HOU vs. MIL,L,240,42,89,0.472,19,46,0.413,11,20,0.55,12,28,40,30,9,4,16,28,114,-9,1
774,22021,1610612740,NOP,New Orleans Pelicans,0022100388,2021-12-10,NOP vs. DET,W,240,41,95,0.432,13,37,0.351,14,16,0.875,15,45,60,29,6,4,16,16,109,16,1
775,22021,1610612765,DET,Detroit Pistons,0022100388,2021-12-10,DET @ NOP,L,240,35,90,0.389,12,37,0.324,11,12,0.917,7,31,38,22,7,6,13,15,93,-16,1
776,22021,1610612756,PHX,Phoenix Suns,0022100390,2021-12-10,PHX vs. BOS,W,240,43,96,0.448,14,38,0.368,11,11,1.0,14,39,53,25,4,9,12,21,111,21,1
777,22021,1610612738,BOS,Boston Celtics,0022100390,2021-12-10,BOS @ PHX,L,240,35,93,0.376,4,26,0.154,16,24,0.667,15,31,46,13,7,6,13,17,90,-21,1
778,22021,1610612754,IND,Indiana Pacers,0022100383,2021-12-10,IND vs. DAL,W,240,41,87,0.471,13,36,0.361,11,12,0.917,13,31,44,28,7,3,13,19,106,13,1
779,22021,1610612742,DAL,Dallas Mavericks,0022100383,2021-12-10,DAL @ IND,L,240,39,84,0.464,4,29,0.138,11,12,0.917,12,25,37,18,7,2,14,18,93,-13,1
780,22021,1610612764,WAS,Washington Wizards,0022100392,2021-12-11,WAS vs. UTA,L,240,41,89,0.461,8,25,0.32,8,14,0.571,9,30,39,17,3,3,13,15,98,-25,1
781,22021,1610612762,UTA,Utah Jazz,0022100392,2021-12-11,UTA @ WAS,W,240,48,93,0.516,13,39,0.333,14,17,0.824,12,37,49,28,5,5,9,14,123,25,1
782,22021,1610612741,CHI,Chicago Bulls,0022100394,2021-12-11,CHI @ MIA,L,240,31,83,0.373,17,40,0.425,13,20,0.65,7,27,34,22,5,3,16,15,92,-26,1
783,22021,1610612748,MIA,Miami Heat,0022100394,2021-12-11,MIA vs. CHI,W,240,46,93,0.495,19,43,0.442,7,9,0.778,12,38,50,37,8,6,10,21,118,26,1
784,22021,1610612746,LAC,LA Clippers,0022100391,2021-12-11,LAC vs. ORL,W,240,42,92,0.457,18,36,0.5,4,6,0.667,12,33,45,27,7,1,8,17,106,2,1
785,22021,1610612753,ORL,Orlando Magic,0022100391,2021-12-11,ORL @ LAC,L,240,35,80,0.438,12,33,0.364,22,24,0.917,10,35,45,21,4,5,11,11,104,-2,1
786,22021,1610612739,CLE,Cleveland Cavaliers,0022100393,2021-12-11,CLE vs. SAC,W,240,41,88,0.466,12,31,0.387,23,28,0.821,7,40,47,27,13,6,14,24,117,14,1
787,22021,1610612758,SAC,Sacramento Kings,0022100393,2021-12-11,SAC @ CLE,L,240,41,93,0.441,7,28,0.25,14,22,0.636,11,37,48,19,8,6,17,21,103,-14,1
788,22021,1610612763,MEM,Memphis Grizzlies,0022100395,2021-12-11,MEM vs. HOU,W,240,40,80,0.5,11,29,0.379,22,36,0.611,9,29,38,22,10,3,11,24,113,7,1
789,22021,1610612745,HOU,Houston Rockets,0022100395,2021-12-11,HOU @ MEM,L,240,38,77,0.494,11,33,0.333,19,29,0.655,12,28,40,25,5,6,16,25,106,-7,1
790,22021,1610612759,SAS,San Antonio Spurs,0022100397,2021-12-11,SAS vs. DEN,L,240,41,89,0.461,10,27,0.37,20,29,0.69,14,31,45,28,4,4,17,18,112,-15,1
791,22021,1610612743,DEN,Denver Nuggets,0022100397,2021-12-11,DEN @ SAS,W,240,47,93,0.505,20,43,0.465,13,14,0.929,10,31,41,33,9,8,12,25,127,15,1
792,22021,1610612755,PHI,Philadelphia 76ers,0022100396,2021-12-11,PHI vs. GSW,W,240,35,76,0.461,9,27,0.333,23,26,0.885,5,39,44,19,7,5,13,16,102,9,1
793,22021,1610612744,GSW,Golden State Warriors,0022100396,2021-12-11,GSW @ PHI,L,240,34,85,0.4,12,48,0.25,13,18,0.722,10,32,42,21,5,5,13,22,93,-9,1
794,22021,1610612752,NYK,New York Knicks,0022100398,2021-12-12,NYK vs. MIL,L,240,35,82,0.427,17,49,0.347,10,13,0.769,8,29,37,27,12,2,17,16,97,-15,1
795,22021,1610612749,MIL,Milwaukee Bucks,0022100398,2021-12-12,MIL @ NYK,W,240,42,88,0.477,14,41,0.341,14,17,0.824,12,34,46,27,11,1,15,12,112,15,1
796,22021,1610612765,DET,Detroit Pistons,0022100399,2021-12-12,DET vs. BKN,L,240,39,92,0.424,14,37,0.378,12,18,0.667,8,32,40,24,11,5,21,22,104,-12,1
797,22021,1610612751,BKN,Brooklyn Nets,0022100399,2021-12-12,BKN @ DET,W,240,41,87,0.471,11,28,0.393,23,25,0.92,8,35,43,28,8,6,18,20,116,12,1
798,22021,1610612760,OKC,Oklahoma City Thunder,0022100400,2021-12-12,OKC vs. DAL,L,240,30,80,0.375,13,37,0.351,11,16,0.688,3,36,39,19,3,7,11,25,84,-19,1
799,22021,1610612742,DAL,Dallas Mavericks,0022100400,2021-12-12,DAL @ OKC,W,240,38,90,0.422,9,33,0.273,18,23,0.783,10,44,54,25,5,5,9,18,103,19,1
800,22021,1610612740,NOP,New Orleans Pelicans,0022100401,2021-12-12,NOP @ SAS,L,240,40,94,0.426,8,29,0.276,9,15,0.6,11,31,42,24,8,4,14,17,97,-15,1
801,22021,1610612759,SAS,San Antonio Spurs,0022100401,2021-12-12,SAS vs. NOP,W,240,45,91,0.495,7,25,0.28,15,20,0.75,15,40,55,31,11,5,14,19,112,15,1
802,22021,1610612750,MIN,Minnesota Timberwolves,0022100402,2021-12-12,MIN @ POR,W,240,38,85,0.447,14,36,0.389,26,32,0.813,10,32,42,23,9,2,17,22,116,5,1
803,22021,1610612757,POR,Portland Trail Blazers,0022100402,2021-12-12,POR vs. MIN,L,240,37,81,0.457,18,48,0.375,19,28,0.679,12,33,45,25,9,8,19,25,111,-5,1
804,22021,1610612753,ORL,Orlando Magic,0022100403,2021-12-12,ORL @ LAL,L,240,33,88,0.375,13,38,0.342,15,19,0.789,14,33,47,17,6,4,19,13,94,-12,1
805,22021,1610612747,LAL,Los Angeles Lakers,0022100403,2021-12-12,LAL vs. ORL,W,240,41,84,0.488,13,28,0.464,11,17,0.647,6,38,44,24,12,11,14,17,106,12,1
806,22021,1610612742,DAL,Dallas Mavericks,0022100410,2021-12-13,DAL vs. CHA,W,240,43,83,0.518,19,41,0.463,15,17,0.882,14,36,50,28,4,8,13,19,120,24,1
807,22021,1610612766,CHA,Charlotte Hornets,0022100410,2021-12-13,CHA @ DAL,L,240,34,86,0.395,13,37,0.351,15,24,0.625,18,20,38,22,8,2,10,18,96,-24,1
808,22021,1610612764,WAS,Washington Wizards,0022100411,2021-12-13,WAS @ DEN,L,240,41,90,0.456,12,34,0.353,13,21,0.619,6,35,41,25,7,5,10,26,107,-6,1
809,22021,1610612743,DEN,Denver Nuggets,0022100411,2021-12-13,DEN vs. WAS,W,240,37,79,0.468,10,32,0.313,29,33,0.879,4,45,49,26,8,2,13,19,113,6,1
810,22021,1610612746,LAC,LA Clippers,0022100412,2021-12-13,LAC vs. PHX,W,240,43,78,0.551,9,21,0.429,16,23,0.696,8,37,45,24,5,7,17,20,111,16,1
811,22021,1610612756,PHX,Phoenix Suns,0022100412,2021-12-13,PHX @ LAC,L,240,36,96,0.375,7,29,0.241,16,19,0.842,13,28,41,22,10,3,11,23,95,-16,1
812,22021,1610612758,SAC,Sacramento Kings,0022100406,2021-12-13,SAC @ TOR,L,240,38,94,0.404,11,34,0.324,14,21,0.667,19,34,53,21,5,4,17,16,101,-23,1
813,22021,1610612761,TOR,Toronto Raptors,0022100406,2021-12-13,TOR vs. SAC,W,240,53,98,0.541,11,31,0.355,7,10,0.7,8,38,46,28,10,8,10,19,124,23,1
814,22021,1610612748,MIA,Miami Heat,0022100404,2021-12-13,MIA @ CLE,L,240,38,85,0.447,13,40,0.325,5,9,0.556,11,28,39,26,4,4,16,15,94,-11,1
815,22021,1610612739,CLE,Cleveland Cavaliers,0022100404,2021-12-13,CLE vs. MIA,W,240,36,81,0.444,16,36,0.444,17,18,0.944,8,34,42,24,6,1,14,16,105,11,1
816,22021,1610612754,IND,Indiana Pacers,0022100405,2021-12-13,IND vs. GSW,L,240,35,87,0.402,7,30,0.233,23,31,0.742,13,29,42,16,11,5,10,18,100,-2,1
817,22021,1610612744,GSW,Golden State Warriors,0022100405,2021-12-13,GSW @ IND,W,240,42,84,0.5,8,30,0.267,10,14,0.714,9,38,47,21,6,6,18,25,102,2,1
818,22021,1610612738,BOS,Boston Celtics,0022100408,2021-12-13,BOS vs. MIL,W,240,43,86,0.5,20,47,0.426,11,13,0.846,7,33,40,31,6,5,13,15,117,14,1
819,22021,1610612749,MIL,Milwaukee Bucks,0022100408,2021-12-13,MIL @ BOS,L,240,40,90,0.444,11,36,0.306,12,15,0.8,11,34,45,22,8,3,14,14,103,-14,1
820,22021,1610612763,MEM,Memphis Grizzlies,0022100409,2021-12-13,MEM vs. PHI,W,240,47,89,0.528,14,34,0.412,18,23,0.783,11,39,50,29,12,6,11,20,126,35,1
821,22021,1610612755,PHI,Philadelphia 76ers,0022100409,2021-12-13,PHI @ MEM,L,240,37,83,0.446,4,22,0.182,13,19,0.684,5,33,38,22,5,10,15,19,91,-35,1
822,22021,1610612745,HOU,Houston Rockets,0022100407,2021-12-13,HOU @ ATL,W,240,46,96,0.479,19,46,0.413,21,27,0.778,12,33,45,27,8,5,11,24,132,6,1
823,22021,1610612737,ATL,Atlanta Hawks,0022100407,2021-12-13,ATL vs. HOU,L,240,42,85,0.494,15,39,0.385,27,31,0.871,8,32,40,20,9,6,12,26,126,-6,1
824,22021,1610612744,GSW,Golden State Warriors,0022100414,2021-12-14,GSW @ NYK,W,240,35,77,0.455,15,40,0.375,20,27,0.741,7,42,49,28,3,6,12,22,105,9,1
825,22021,1610612752,NYK,New York Knicks,0022100414,2021-12-14,NYK vs. GSW,L,240,30,83,0.361,16,42,0.381,20,22,0.909,4,31,35,18,6,6,9,21,96,-9,1
826,22021,1610612761,TOR,Toronto Raptors,0022100413,2021-12-14,TOR @ BKN,L,265,48,105,0.457,18,52,0.346,15,19,0.789,13,28,41,26,6,6,12,21,129,-2,1
827,22021,1610612751,BKN,Brooklyn Nets,0022100413,2021-12-14,BKN vs. TOR,W,265,50,103,0.485,14,39,0.359,17,23,0.739,19,41,60,28,7,5,18,20,131,2,1
828,22021,1610612757,POR,Portland Trail Blazers,0022100416,2021-12-14,POR vs. PHX,L,265,40,96,0.417,13,41,0.317,14,22,0.636,12,36,48,23,7,3,14,18,107,-4,2
829,22021,1610612756,PHX,Phoenix Suns,0022100416,2021-12-14,PHX @ POR,W,265,44,93,0.473,11,31,0.355,12,15,0.8,8,41,49,30,7,0,14,24,111,4,2
830,22021,1610612745,HOU,Houston Rockets,0022100417,2021-12-15,HOU @ CLE,L,240,30,78,0.385,5,29,0.172,24,35,0.686,10,31,41,20,13,1,17,21,89,-35,1
831,22021,1610612739,CLE,Cleveland Cavaliers,0022100417,2021-12-15,CLE vs. HOU,W,240,45,80,0.563,18,40,0.45,16,24,0.667,9,35,44,26,6,5,17,25,124,35,1
832,22021,1610612737,ATL,Atlanta Hawks,0022100418,2021-12-15,ATL @ ORL,W,240,42,85,0.494,11,31,0.355,16,16,1.0,6,34,40,25,11,5,13,16,111,12,1
833,22021,1610612753,ORL,Orlando Magic,0022100418,2021-12-15,ORL vs. ATL,L,240,35,90,0.389,10,35,0.286,19,21,0.905,12,34,46,25,4,2,17,17,99,-12,1
834,22021,1610612755,PHI,Philadelphia 76ers,0022100419,2021-12-15,PHI vs. MIA,L,240,35,79,0.443,12,37,0.324,14,17,0.824,4,31,35,26,9,5,11,19,96,-5,1
835,22021,1610612748,MIA,Miami Heat,0022100419,2021-12-15,MIA @ PHI,W,240,35,78,0.449,18,44,0.409,13,17,0.765,9,35,44,25,5,3,18,18,101,5,1
836,22021,1610612749,MIL,Milwaukee Bucks,0022100421,2021-12-15,MIL vs. IND,W,240,44,90,0.489,14,29,0.483,12,15,0.8,10,28,38,25,10,3,9,11,114,15,1
837,22021,1610612754,IND,Indiana Pacers,0022100421,2021-12-15,IND @ MIL,L,240,39,83,0.47,11,38,0.289,10,11,0.909,11,34,45,24,6,6,19,16,99,-15,1
838,22021,1610612742,DAL,Dallas Mavericks,0022100420,2021-12-15,DAL vs. LAL,L,265,39,98,0.398,12,44,0.273,14,17,0.824,8,43,51,22,4,3,11,21,104,-3,1
839,22021,1610612747,LAL,Los Angeles Lakers,0022100420,2021-12-15,LAL @ DAL,W,265,39,90,0.433,15,39,0.385,14,18,0.778,4,42,46,24,8,2,14,20,107,3,1
840,22021,1610612740,NOP,New Orleans Pelicans,0022100422,2021-12-15,NOP @ OKC,W,240,39,80,0.488,11,28,0.393,24,36,0.667,10,39,49,23,6,3,12,19,113,3,1
841,22021,1610612760,OKC,Oklahoma City Thunder,0022100422,2021-12-15,OKC vs. NOP,L,240,39,93,0.419,13,35,0.371,19,19,1.0,8,34,42,22,8,4,8,25,110,-3,1
842,22021,1610612759,SAS,San Antonio Spurs,0022100423,2021-12-15,SAS vs. CHA,L,240,39,90,0.433,12,37,0.324,25,25,1.0,11,27,38,27,5,3,8,14,115,-16,1
843,22021,1610612766,CHA,Charlotte Hornets,0022100423,2021-12-15,CHA @ SAS,W,240,51,86,0.593,18,34,0.529,11,16,0.688,9,39,48,34,3,4,13,16,131,16,1
844,22021,1610612743,DEN,Denver Nuggets,0022100424,2021-12-15,DEN vs. MIN,L,240,38,84,0.452,14,39,0.359,17,23,0.739,9,33,42,33,5,3,18,15,107,-17,1
845,22021,1610612750,MIN,Minnesota Timberwolves,0022100424,2021-12-15,MIN @ DEN,W,240,45,88,0.511,23,48,0.479,11,16,0.688,6,33,39,24,10,5,12,23,124,17,1
846,22021,1610612758,SAC,Sacramento Kings,0022100427,2021-12-15,SAC vs. WAS,W,240,45,82,0.549,8,26,0.308,21,29,0.724,6,33,39,25,7,6,11,21,119,14,1
847,22021,1610612764,WAS,Washington Wizards,0022100427,2021-12-15,WAS @ SAC,L,240,42,89,0.472,5,24,0.208,16,21,0.762,7,32,39,20,8,3,11,22,105,-14,1
848,22021,1610612762,UTA,Utah Jazz,0022100425,2021-12-15,UTA vs. LAC,W,240,47,89,0.528,15,37,0.405,15,20,0.75,8,36,44,26,11,4,10,18,124,21,1
849,22021,1610612746,LAC,LA Clippers,0022100425,2021-12-15,LAC @ UTA,L,240,40,85,0.471,10,30,0.333,13,20,0.65,8,34,42,24,6,5,16,22,103,-21,1
850,22021,1610612757,POR,Portland Trail Blazers,0022100426,2021-12-15,POR vs. MEM,L,240,31,82,0.378,15,38,0.395,26,28,0.929,5,33,38,18,9,6,15,21,103,-10,1
851,22021,1610612763,MEM,Memphis Grizzlies,0022100426,2021-12-15,MEM @ POR,W,240,39,82,0.476,11,32,0.344,24,30,0.8,11,42,53,22,10,5,16,21,113,10,1
852,22021,1610612754,IND,Indiana Pacers,0022100428,2021-12-16,IND vs. DET,W,240,45,91,0.495,7,32,0.219,25,28,0.893,8,33,41,26,6,7,9,21,122,9,1
853,22021,1610612765,DET,Detroit Pistons,0022100428,2021-12-16,DET @ IND,L,240,40,81,0.494,7,25,0.28,26,30,0.867,6,31,37,20,6,4,12,23,113,-9,1
854,22021,1610612755,PHI,Philadelphia 76ers,0022100429,2021-12-16,PHI @ BKN,L,240,39,89,0.438,10,34,0.294,17,20,0.85,5,33,38,19,10,4,9,22,105,-9,1
855,22021,1610612751,BKN,Brooklyn Nets,0022100429,2021-12-16,BKN vs. PHI,W,240,44,89,0.494,11,23,0.478,15,16,0.938,10,38,48,21,4,3,15,15,114,9,1
856,22021,1610612745,HOU,Houston Rockets,0022100431,2021-12-16,HOU vs. NYK,L,240,34,68,0.5,11,32,0.344,24,30,0.8,5,24,29,29,4,4,19,25,103,-13,1
857,22021,1610612752,NYK,New York Knicks,0022100431,2021-12-16,NYK @ HOU,W,240,39,83,0.47,17,36,0.472,21,25,0.84,15,25,40,25,8,6,12,26,116,13,1
858,22021,1610612756,PHX,Phoenix Suns,0022100432,2021-12-16,PHX vs. WAS,W,240,42,79,0.532,9,29,0.31,25,26,0.962,9,38,47,25,9,2,20,23,118,20,1
859,22021,1610612764,WAS,Washington Wizards,0022100432,2021-12-16,WAS @ PHX,L,240,40,82,0.488,6,21,0.286,12,19,0.632,6,26,32,22,11,3,16,21,98,-20,1
860,22021,1610612748,MIA,Miami Heat,0022100433,2021-12-17,MIA @ ORL,W,240,41,82,0.5,19,35,0.543,14,19,0.737,14,32,46,25,5,5,17,14,115,10,1
861,22021,1610612753,ORL,Orlando Magic,0022100433,2021-12-17,ORL vs. MIA,L,240,43,89,0.483,11,32,0.344,8,10,0.8,9,27,36,23,10,5,11,19,105,-10,1
862,22021,1610612737,ATL,Atlanta Hawks,0022100434,2021-12-17,ATL vs. DEN,L,240,41,88,0.466,7,24,0.292,26,34,0.765,10,27,37,22,6,3,15,17,115,-18,1
863,22021,1610612743,DEN,Denver Nuggets,0022100434,2021-12-17,DEN @ ATL,W,240,50,86,0.581,17,38,0.447,16,18,0.889,4,34,38,35,9,7,17,22,133,18,1
864,22021,1610612759,SAS,San Antonio Spurs,0022100437,2021-12-17,SAS @ UTA,W,240,50,100,0.5,15,41,0.366,13,18,0.722,11,32,43,27,8,4,7,18,128,2,1
865,22021,1610612762,UTA,Utah Jazz,0022100437,2021-12-17,UTA vs. SAS,L,240,46,93,0.495,13,37,0.351,21,26,0.808,13,37,50,26,5,6,13,18,126,-2,1
866,22021,1610612757,POR,Portland Trail Blazers,0022100439,2021-12-17,POR vs. CHA,W,240,44,85,0.518,21,47,0.447,16,18,0.889,7,34,41,27,7,6,17,20,125,9,1
867,22021,1610612766,CHA,Charlotte Hornets,0022100439,2021-12-17,CHA @ POR,L,240,44,92,0.478,13,37,0.351,15,18,0.833,10,28,38,29,8,4,13,19,116,-9,1
868,22021,1610612763,MEM,Memphis Grizzlies,0022100440,2021-12-17,MEM @ SAC,W,240,45,97,0.464,13,24,0.542,21,27,0.778,12,38,50,25,11,3,13,21,124,19,1
869,22021,1610612758,SAC,Sacramento Kings,0022100440,2021-12-17,SAC vs. MEM,L,240,36,88,0.409,13,35,0.371,20,26,0.769,10,35,45,21,5,6,18,20,105,-19,1
870,22021,1610612747,LAL,Los Angeles Lakers,0022100436,2021-12-17,LAL @ MIN,L,240,30,78,0.385,12,43,0.279,20,29,0.69,1,35,36,26,6,7,18,22,92,-18,1
871,22021,1610612750,MIN,Minnesota Timberwolves,0022100436,2021-12-17,MIN vs. LAL,W,240,41,98,0.418,12,44,0.273,16,24,0.667,15,46,61,23,13,6,15,25,110,18,1
872,22021,1610612738,BOS,Boston Celtics,0022100435,2021-12-17,BOS vs. GSW,L,240,36,82,0.439,15,41,0.366,20,29,0.69,11,34,45,20,5,2,16,19,107,-4,1
873,22021,1610612744,GSW,Golden State Warriors,0022100435,2021-12-17,GSW @ BOS,W,240,39,90,0.433,16,46,0.348,17,21,0.81,12,33,45,27,9,8,14,25,111,4,1
874,22021,1610612749,MIL,Milwaukee Bucks,0022100438,2021-12-17,MIL @ NOP,L,265,45,104,0.433,14,47,0.298,8,10,0.8,12,32,44,16,12,5,13,19,112,-4,1
875,22021,1610612740,NOP,New Orleans Pelicans,0022100438,2021-12-17,NOP vs. MIL,W,265,42,89,0.472,13,37,0.351,19,30,0.633,13,44,57,34,10,3,20,13,116,4,1
876,22021,1610612752,NYK,New York Knicks,0022100445,2021-12-18,NYK @ BOS,L,240,35,80,0.438,13,36,0.361,24,30,0.8,8,34,42,18,8,6,14,21,107,-7,1
877,22021,1610612738,BOS,Boston Celtics,0022100445,2021-12-18,BOS vs. NYK,W,240,42,89,0.472,17,45,0.378,13,17,0.765,12,33,45,23,6,3,13,20,114,7,1
878,22021,1610612744,GSW,Golden State Warriors,0022100443,2021-12-18,GSW @ TOR,L,240,37,79,0.468,11,36,0.306,15,21,0.714,11,36,47,26,5,5,20,21,100,-19,1
879,22021,1610612761,TOR,Toronto Raptors,0022100443,2021-12-18,TOR vs. GSW,W,240,45,90,0.5,14,38,0.368,15,23,0.652,12,29,41,26,13,3,11,21,119,19,1
880,22021,1610612760,OKC,Oklahoma City Thunder,0022100444,2021-12-18,OKC vs. LAC,W,240,43,92,0.467,12,31,0.387,6,10,0.6,17,38,55,23,4,4,16,18,104,1,1
881,22021,1610612746,LAC,LA Clippers,0022100444,2021-12-18,LAC @ OKC,L,240,37,83,0.446,16,39,0.41,13,19,0.684,7,32,39,26,11,3,13,16,103,-1,1
882,22021,1610612749,MIL,Milwaukee Bucks,0022100446,2021-12-18,MIL vs. CLE,L,240,35,89,0.393,12,38,0.316,8,11,0.727,13,31,44,18,8,4,17,15,90,-29,1
883,22021,1610612739,CLE,Cleveland Cavaliers,0022100446,2021-12-18,CLE @ MIL,W,240,45,90,0.5,16,45,0.356,13,14,0.929,9,37,46,36,11,3,15,13,119,29,1
884,22021,1610612762,UTA,Utah Jazz,0022100447,2021-12-18,UTA vs. WAS,L,240,35,81,0.432,14,44,0.318,19,30,0.633,8,38,46,17,5,6,16,23,103,-6,1
885,22021,1610612764,WAS,Washington Wizards,0022100447,2021-12-18,WAS @ UTA,W,240,42,94,0.447,9,31,0.29,16,20,0.8,11,36,47,27,7,4,9,23,109,6,1
886,22021,1610612751,BKN,Brooklyn Nets,0022100442,2021-12-18,BKN vs. ORL,L,240,39,102,0.382,9,46,0.196,6,8,0.75,16,35,51,24,8,8,16,14,93,-7,1
887,22021,1610612753,ORL,Orlando Magic,0022100442,2021-12-18,ORL @ BKN,W,240,39,94,0.415,10,31,0.323,12,13,0.923,12,38,50,20,6,4,16,14,100,7,1
888,22021,1610612745,HOU,Houston Rockets,0022100441,2021-12-18,HOU @ DET,W,240,46,93,0.495,14,38,0.368,10,17,0.588,13,34,47,27,15,5,19,18,116,9,1
889,22021,1610612765,DET,Detroit Pistons,0022100441,2021-12-18,DET vs. HOU,L,240,43,93,0.462,10,36,0.278,11,16,0.688,15,27,42,29,8,6,21,24,107,-9,1
890,22021,1610612759,SAS,San Antonio Spurs,0022100451,2021-12-19,SAS @ SAC,L,240,45,91,0.495,12,25,0.48,12,13,0.923,13,31,44,24,7,8,14,12,114,-7,1
891,22021,1610612758,SAC,Sacramento Kings,0022100451,2021-12-19,SAC vs. SAS,W,240,46,91,0.505,14,25,0.56,15,18,0.833,11,29,40,23,11,3,12,19,121,7,1
892,22021,1610612763,MEM,Memphis Grizzlies,0022100450,2021-12-19,MEM vs. POR,L,240,35,91,0.385,9,34,0.265,21,25,0.84,10,23,33,22,13,5,8,22,100,-5,1
893,22021,1610612757,POR,Portland Trail Blazers,0022100450,2021-12-19,POR @ MEM,W,240,35,74,0.473,11,32,0.344,24,28,0.857,9,42,51,17,4,9,25,18,105,5,1
894,22021,1610612765,DET,Detroit Pistons,0022100449,2021-12-19,DET vs. MIA,W,240,35,75,0.467,8,32,0.25,22,30,0.733,6,41,47,24,4,2,15,28,100,10,1
895,22021,1610612748,MIA,Miami Heat,0022100449,2021-12-19,MIA @ DET,L,240,28,74,0.378,13,43,0.302,21,33,0.636,8,31,39,23,4,3,13,27,90,-10,1
896,22021,1610612766,CHA,Charlotte Hornets,0022100456,2021-12-19,CHA @ PHX,L,240,36,100,0.36,10,45,0.222,24,28,0.857,13,30,43,26,12,6,9,12,106,-31,1
897,22021,1610612756,PHX,Phoenix Suns,0022100456,2021-12-19,PHX vs. CHA,W,240,54,95,0.568,20,41,0.488,9,13,0.692,10,47,57,35,5,8,18,21,137,31,1
898,22021,1610612741,CHI,Chicago Bulls,0022100448,2021-12-19,CHI vs. LAL,W,240,40,93,0.43,10,30,0.333,25,31,0.806,16,27,43,20,10,3,10,17,115,5,1
899,22021,1610612747,LAL,Los Angeles Lakers,0022100448,2021-12-19,LAL @ CHI,L,240,42,82,0.512,12,34,0.353,14,22,0.636,9,37,46,25,6,8,20,25,110,-5,1
900,22021,1610612742,DAL,Dallas Mavericks,0022100455,2021-12-19,DAL @ MIN,L,240,36,82,0.439,12,41,0.293,21,22,0.955,7,34,41,27,5,2,12,25,105,-6,1
901,22021,1610612750,MIN,Minnesota Timberwolves,0022100455,2021-12-19,MIN vs. DAL,W,240,36,77,0.468,15,34,0.441,24,31,0.774,6,31,37,26,6,3,9,22,111,6,1
902,22021,1610612738,BOS,Boston Celtics,0022100457,2021-12-20,BOS vs. PHI,L,240,38,82,0.463,7,27,0.259,20,25,0.8,11,31,42,16,9,5,18,23,103,-5,1
903,22021,1610612755,PHI,Philadelphia 76ers,0022100457,2021-12-20,PHI @ BOS,W,240,36,72,0.5,10,25,0.4,26,31,0.839,2,32,34,20,11,7,17,23,108,5,1
904,22021,1610612741,CHI,Chicago Bulls,0022100459,2021-12-20,CHI vs. HOU,W,240,47,88,0.534,16,35,0.457,23,24,0.958,9,25,34,33,7,5,8,23,133,15,1
905,22021,1610612745,HOU,Houston Rockets,0022100459,2021-12-20,HOU @ CHI,L,240,44,78,0.564,12,33,0.364,18,24,0.75,7,28,35,27,4,4,14,17,118,-15,1
906,22021,1610612760,OKC,Oklahoma City Thunder,0022100460,2021-12-20,OKC @ MEM,W,240,36,84,0.429,11,38,0.289,19,28,0.679,9,38,47,24,7,7,14,17,102,3,1
907,22021,1610612763,MEM,Memphis Grizzlies,0022100460,2021-12-20,MEM vs. OKC,L,240,39,101,0.386,11,32,0.344,10,13,0.769,17,34,51,24,9,2,12,21,99,-3,1
908,22021,1610612759,SAS,San Antonio Spurs,0022100463,2021-12-20,SAS @ LAC,W,240,50,114,0.439,12,37,0.324,4,6,0.667,23,43,66,37,11,4,12,19,116,24,1
909,22021,1610612746,LAC,LA Clippers,0022100463,2021-12-20,LAC vs. SAS,L,240,34,87,0.391,9,32,0.281,15,20,0.75,9,34,43,18,6,5,15,15,92,-24,1
910,22021,1610612762,UTA,Utah Jazz,0022100461,2021-12-20,UTA vs. CHA,W,240,34,96,0.354,16,53,0.302,28,37,0.757,22,46,68,21,4,6,17,14,112,10,1
911,22021,1610612766,CHA,Charlotte Hornets,0022100461,2021-12-20,CHA @ UTA,L,240,39,101,0.386,15,43,0.349,9,9,1.0,11,40,51,27,7,4,13,25,102,-10,1
912,22021,1610612744,GSW,Golden State Warriors,0022100462,2021-12-20,GSW vs. SAC,W,240,46,88,0.523,15,37,0.405,6,9,0.667,10,32,42,28,12,9,16,18,113,15,1
913,22021,1610612758,SAC,Sacramento Kings,0022100462,2021-12-20,SAC @ GSW,L,240,37,83,0.446,13,32,0.406,11,16,0.688,6,31,37,23,10,3,21,9,98,-15,1
914,22021,1610612754,IND,Indiana Pacers,0022100465,2021-12-21,IND @ MIA,L,240,31,87,0.356,11,31,0.355,23,28,0.821,11,31,42,22,6,3,12,13,96,-29,1
915,22021,1610612748,MIA,Miami Heat,0022100465,2021-12-21,MIA vs. IND,W,240,47,95,0.495,22,49,0.449,9,11,0.818,15,38,53,30,5,5,11,21,125,29,1
916,22021,1610612752,NYK,New York Knicks,0022100466,2021-12-21,NYK vs. DET,W,240,40,90,0.444,11,33,0.333,14,19,0.737,13,39,52,22,5,7,13,19,105,14,1
917,22021,1610612765,DET,Detroit Pistons,0022100466,2021-12-21,DET @ NYK,L,240,34,94,0.362,8,33,0.242,15,19,0.789,10,38,48,22,9,4,14,18,91,-14,1
918,22021,1610612740,NOP,New Orleans Pelicans,0022100467,2021-12-21,NOP vs. POR,W,240,42,80,0.525,12,33,0.364,15,18,0.833,8,36,44,27,5,3,16,19,111,14,1
919,22021,1610612757,POR,Portland Trail Blazers,0022100467,2021-12-21,POR @ NOP,L,240,35,78,0.449,13,34,0.382,14,19,0.737,7,24,31,18,12,4,11,17,97,-14,1
920,22021,1610612742,DAL,Dallas Mavericks,0022100468,2021-12-21,DAL vs. MIN,W,240,42,86,0.488,11,34,0.324,19,23,0.826,10,34,44,30,11,3,11,22,114,12,1
921,22021,1610612750,MIN,Minnesota Timberwolves,0022100468,2021-12-21,MIN @ DAL,L,240,36,79,0.456,13,40,0.325,17,20,0.85,9,30,39,26,4,5,17,22,102,-12,1
922,22021,1610612756,PHX,Phoenix Suns,0022100469,2021-12-21,PHX @ LAL,W,240,41,93,0.441,12,41,0.293,14,15,0.933,8,45,53,29,11,4,16,18,108,18,1
923,22021,1610612747,LAL,Los Angeles Lakers,0022100469,2021-12-21,LAL vs. PHX,L,240,34,87,0.391,7,35,0.2,15,23,0.652,6,41,47,14,9,3,15,18,90,-18,1
924,22021,1610612753,ORL,Orlando Magic,0022100470,2021-12-22,ORL @ ATL,W,240,38,85,0.447,11,37,0.297,17,23,0.739,8,32,40,27,11,5,10,24,104,6,1
925,22021,1610612737,ATL,Atlanta Hawks,0022100470,2021-12-22,ATL vs. ORL,L,240,32,80,0.4,12,31,0.387,22,29,0.759,13,36,49,21,4,8,14,19,98,-6,1
926,22021,1610612738,BOS,Boston Celtics,0022100471,2021-12-22,BOS vs. CLE,W,240,43,92,0.467,11,30,0.367,14,18,0.778,12,36,48,24,12,5,13,24,111,10,1
927,22021,1610612739,CLE,Cleveland Cavaliers,0022100471,2021-12-22,CLE @ BOS,L,240,36,92,0.391,9,38,0.237,20,24,0.833,15,38,53,17,8,3,16,15,101,-10,1
928,22021,1610612743,DEN,Denver Nuggets,0022100474,2021-12-22,DEN @ OKC,L,240,33,84,0.393,13,44,0.295,15,26,0.577,4,35,39,21,7,5,11,18,94,-14,1
929,22021,1610612760,OKC,Oklahoma City Thunder,0022100474,2021-12-22,OKC vs. DEN,W,240,42,94,0.447,8,34,0.235,16,19,0.842,15,45,60,22,7,4,11,25,108,14,1
930,22021,1610612749,MIL,Milwaukee Bucks,0022100473,2021-12-22,MIL vs. HOU,W,240,45,103,0.437,17,46,0.37,19,21,0.905,14,34,48,25,8,2,7,24,126,20,1
931,22021,1610612745,HOU,Houston Rockets,0022100473,2021-12-22,HOU @ MIL,L,240,36,86,0.419,13,45,0.289,21,31,0.677,13,39,52,23,0,7,15,21,106,-20,1
932,22021,1610612746,LAC,LA Clippers,0022100475,2021-12-22,LAC @ SAC,W,240,42,82,0.512,7,24,0.292,14,16,0.875,6,37,43,26,10,3,13,15,105,16,1
933,22021,1610612758,SAC,Sacramento Kings,0022100475,2021-12-22,SAC vs. LAC,L,240,34,85,0.4,12,38,0.316,9,12,0.75,7,33,40,24,7,5,19,15,89,-16,1
934,22021,1610612745,HOU,Houston Rockets,0022100476,2021-12-23,HOU @ IND,L,240,35,80,0.438,15,37,0.405,21,26,0.808,8,20,28,16,9,6,13,17,106,-12,1
935,22021,1610612754,IND,Indiana Pacers,0022100476,2021-12-23,IND vs. HOU,W,240,46,88,0.523,13,38,0.342,13,19,0.684,15,32,47,27,6,6,15,21,118,12,1
936,22021,1610612740,NOP,New Orleans Pelicans,0022100477,2021-12-23,NOP @ ORL,W,240,37,86,0.43,13,30,0.433,23,26,0.885,12,34,46,21,4,2,10,13,110,6,1
937,22021,1610612753,ORL,Orlando Magic,0022100477,2021-12-23,ORL vs. NOP,L,240,38,88,0.432,9,32,0.281,19,21,0.905,10,34,44,19,6,11,9,26,104,-6,1
938,22021,1610612737,ATL,Atlanta Hawks,0022100478,2021-12-23,ATL @ PHI,W,240,37,82,0.451,7,24,0.292,17,19,0.895,11,35,46,20,5,4,16,19,98,2,1
939,22021,1610612755,PHI,Philadelphia 76ers,0022100478,2021-12-23,PHI vs. ATL,L,240,33,80,0.413,6,27,0.222,24,26,0.923,8,30,38,20,8,7,8,13,96,-2,1
940,22021,1610612764,WAS,Washington Wizards,0022100480,2021-12-23,WAS @ NYK,W,240,42,75,0.56,16,37,0.432,24,32,0.75,5,33,38,30,4,6,11,18,124,7,1
941,22021,1610612752,NYK,New York Knicks,0022100480,2021-12-23,NYK vs. WAS,L,240,42,93,0.452,13,42,0.31,20,23,0.87,14,30,44,17,2,1,7,21,117,-7,1
942,22021,1610612748,MIA,Miami Heat,0022100479,2021-12-23,MIA vs. DET,W,240,43,88,0.489,12,32,0.375,17,19,0.895,6,37,43,23,4,0,13,25,115,3,1
943,22021,1610612765,DET,Detroit Pistons,0022100479,2021-12-23,DET @ MIA,L,240,36,80,0.45,18,40,0.45,22,25,0.88,6,37,43,23,9,5,16,25,112,-3,1
944,22021,1610612749,MIL,Milwaukee Bucks,0022100481,2021-12-23,MIL @ DAL,W,240,37,82,0.451,10,36,0.278,18,22,0.818,6,41,47,26,7,5,12,16,102,7,1
945,22021,1610612742,DAL,Dallas Mavericks,0022100481,2021-12-23,DAL vs. MIL,L,240,35,86,0.407,12,45,0.267,13,17,0.765,8,35,43,25,6,2,11,21,95,-7,1
946,22021,1610612760,OKC,Oklahoma City Thunder,0022100483,2021-12-23,OKC @ PHX,L,240,37,96,0.385,11,41,0.268,16,21,0.762,11,33,44,17,6,5,13,10,101,-12,1
947,22021,1610612756,PHX,Phoenix Suns,0022100483,2021-12-23,PHX vs. OKC,W,240,45,93,0.484,15,39,0.385,8,13,0.615,11,41,52,26,9,8,14,22,113,12,1
948,22021,1610612762,UTA,Utah Jazz,0022100484,2021-12-23,UTA vs. MIN,W,240,48,90,0.533,16,39,0.41,16,22,0.727,10,35,45,31,7,7,15,17,128,12,1
949,22021,1610612750,MIN,Minnesota Timberwolves,0022100484,2021-12-23,MIN @ UTA,L,240,45,101,0.446,17,45,0.378,9,12,0.75,15,29,44,29,7,4,14,19,116,-12,1
950,22021,1610612743,DEN,Denver Nuggets,0022100482,2021-12-23,DEN vs. CHA,L,240,40,96,0.417,14,40,0.35,13,17,0.765,10,44,54,23,7,2,15,22,107,-8,1
951,22021,1610612766,CHA,Charlotte Hornets,0022100482,2021-12-23,CHA @ DEN,W,240,39,94,0.415,16,47,0.34,21,24,0.875,12,38,50,28,10,8,11,21,115,8,1
952,22021,1610612763,MEM,Memphis Grizzlies,0022100485,2021-12-23,MEM @ GSW,L,240,38,90,0.422,8,26,0.308,20,24,0.833,14,28,42,18,10,6,13,20,104,-9,1
953,22021,1610612744,GSW,Golden State Warriors,0022100485,2021-12-23,GSW vs. MEM,W,240,40,82,0.488,19,40,0.475,14,18,0.778,8,31,39,30,9,9,19,19,113,9,1
954,22021,1610612747,LAL,Los Angeles Lakers,0022100487,2021-12-23,LAL vs. SAS,L,240,44,94,0.468,5,27,0.185,17,30,0.567,14,34,48,21,4,6,14,20,110,-28,1
955,22021,1610612759,SAS,San Antonio Spurs,0022100487,2021-12-23,SAS @ LAL,W,240,46,95,0.484,18,39,0.462,28,33,0.848,12,38,50,33,7,5,6,21,138,28,1
956,22021,1610612747,LAL,Los Angeles Lakers,0022100491,2021-12-25,LAL vs. BKN,L,240,40,96,0.417,10,35,0.286,25,28,0.893,12,35,47,29,8,5,14,23,115,-7,1
957,22021,1610612751,BKN,Brooklyn Nets,0022100491,2021-12-25,BKN @ LAL,W,240,43,89,0.483,14,32,0.438,22,27,0.815,6,35,41,31,6,9,12,25,122,7,1
958,22021,1610612762,UTA,Utah Jazz,0022100492,2021-12-25,UTA vs. DAL,W,240,40,90,0.444,12,36,0.333,28,37,0.757,13,36,49,24,9,6,14,24,120,4,1
959,22021,1610612742,DAL,Dallas Mavericks,0022100492,2021-12-25,DAL @ UTA,L,240,38,89,0.427,10,30,0.333,30,35,0.857,8,35,43,19,7,3,14,31,116,-4,1
960,22021,1610612752,NYK,New York Knicks,0022100488,2021-12-25,NYK vs. ATL,W,240,38,85,0.447,20,50,0.4,5,12,0.417,9,41,50,28,6,6,10,13,101,14,1
961,22021,1610612737,ATL,Atlanta Hawks,0022100488,2021-12-25,ATL @ NYK,L,240,33,87,0.379,13,38,0.342,8,14,0.571,8,38,46,23,8,5,12,12,87,-14,1
962,22021,1610612738,BOS,Boston Celtics,0022100489,2021-12-25,BOS @ MIL,L,240,38,89,0.427,17,45,0.378,20,24,0.833,11,33,44,24,9,8,14,23,113,-4,1
963,22021,1610612749,MIL,Milwaukee Bucks,0022100489,2021-12-25,MIL vs. BOS,W,240,43,91,0.473,12,33,0.364,19,27,0.704,15,33,48,24,7,6,13,20,117,4,1
964,22021,1610612744,GSW,Golden State Warriors,0022100490,2021-12-25,GSW @ PHX,W,240,42,85,0.494,14,37,0.378,18,21,0.857,12,30,42,28,11,7,11,22,116,9,1
965,22021,1610612756,PHX,Phoenix Suns,0022100490,2021-12-25,PHX vs. GSW,L,240,40,83,0.482,11,30,0.367,16,16,1.0,9,28,37,20,5,2,13,17,107,-9,1
966,22021,1610612755,PHI,Philadelphia 76ers,0022100495,2021-12-26,PHI @ WAS,W,240,43,86,0.5,12,31,0.387,19,22,0.864,10,40,50,25,6,8,13,23,117,21,1
967,22021,1610612764,WAS,Washington Wizards,0022100495,2021-12-26,WAS vs. PHI,L,240,35,90,0.389,8,33,0.242,18,28,0.643,14,29,43,22,6,1,8,18,96,-21,1
968,22021,1610612740,NOP,New Orleans Pelicans,0022100497,2021-12-26,NOP @ OKC,L,240,39,94,0.415,10,41,0.244,24,28,0.857,11,38,49,26,10,4,11,19,112,-5,1
969,22021,1610612760,OKC,Oklahoma City Thunder,0022100497,2021-12-26,OKC vs. NOP,W,240,41,86,0.477,13,36,0.361,22,31,0.71,7,40,47,24,8,5,12,23,117,5,1
970,22021,1610612765,DET,Detroit Pistons,0022100498,2021-12-26,DET @ SAS,L,240,38,98,0.388,8,32,0.25,25,34,0.735,14,28,42,16,10,5,14,30,109,-35,1
971,22021,1610612759,SAS,San Antonio Spurs,0022100498,2021-12-26,SAS vs. DET,W,240,51,91,0.56,13,27,0.481,29,37,0.784,9,43,52,39,6,5,19,28,144,35,1
972,22021,1610612754,IND,Indiana Pacers,0022100499,2021-12-26,IND @ CHI,L,240,41,94,0.436,8,30,0.267,15,21,0.714,14,31,45,23,9,5,9,16,105,-8,1
973,22021,1610612741,CHI,Chicago Bulls,0022100499,2021-12-26,CHI vs. IND,W,240,43,76,0.566,11,23,0.478,16,22,0.727,2,38,40,17,5,6,15,20,113,8,1
974,22021,1610612743,DEN,Denver Nuggets,0022100500,2021-12-26,DEN @ LAC,W,240,39,95,0.411,15,41,0.366,10,11,0.909,10,38,48,29,7,4,14,20,103,3,1
975,22021,1610612746,LAC,LA Clippers,0022100500,2021-12-26,LAC vs. DEN,L,240,40,86,0.465,8,26,0.308,12,18,0.667,8,38,46,26,8,7,14,22,100,-3,1
976,22021,1610612739,CLE,Cleveland Cavaliers,0022100494,2021-12-26,CLE vs. TOR,W,240,56,106,0.528,22,52,0.423,10,12,0.833,13,39,52,39,12,5,15,17,144,45,1
977,22021,1610612761,TOR,Toronto Raptors,0022100494,2021-12-26,TOR @ CLE,L,240,37,89,0.416,9,36,0.25,16,23,0.696,11,32,43,24,11,3,21,13,99,-45,1
978,22021,1610612753,ORL,Orlando Magic,0022100493,2021-12-26,ORL @ MIA,L,240,31,72,0.431,10,32,0.313,11,17,0.647,8,35,43,17,6,4,19,19,83,-10,1
979,22021,1610612748,MIA,Miami Heat,0022100493,2021-12-26,MIA vs. ORL,W,240,36,89,0.404,10,34,0.294,11,18,0.611,20,31,51,28,7,1,14,19,93,10,1
980,22021,1610612758,SAC,Sacramento Kings,0022100496,2021-12-26,SAC vs. MEM,L,240,34,81,0.42,10,29,0.345,24,27,0.889,9,29,38,22,7,9,18,23,102,-25,1
981,22021,1610612763,MEM,Memphis Grizzlies,0022100496,2021-12-26,MEM @ SAC,W,240,47,100,0.47,9,30,0.3,24,30,0.8,19,34,53,33,11,6,12,19,127,25,1
982,22021,1610612750,MIN,Minnesota Timberwolves,0022100503,2021-12-27,MIN vs. BOS,W,240,40,90,0.444,14,34,0.412,14,19,0.737,11,42,53,30,7,5,14,17,108,5,1
983,22021,1610612738,BOS,Boston Celtics,0022100503,2021-12-27,BOS @ MIN,L,240,33,89,0.371,16,47,0.34,21,28,0.75,15,38,53,23,8,10,14,16,103,-5,1
984,22021,1610612756,PHX,Phoenix Suns,0022100505,2021-12-27,PHX vs. MEM,L,240,41,90,0.456,11,31,0.355,20,23,0.87,10,25,35,25,11,2,11,16,113,-1,1
985,22021,1610612763,MEM,Memphis Grizzlies,0022100505,2021-12-27,MEM @ PHX,W,240,45,88,0.511,11,29,0.379,13,17,0.765,15,35,50,22,10,6,19,23,114,1,1
986,22021,1610612742,DAL,Dallas Mavericks,0022100506,2021-12-27,DAL @ POR,W,240,48,84,0.571,12,33,0.364,24,33,0.727,10,31,41,38,6,4,13,31,132,15,1
987,22021,1610612757,POR,Portland Trail Blazers,0022100506,2021-12-27,POR vs. DAL,L,240,35,82,0.427,12,40,0.3,35,42,0.833,8,25,33,19,4,5,11,28,117,-15,1
988,22021,1610612746,LAC,LA Clippers,0022100507,2021-12-27,LAC vs. BKN,L,240,37,97,0.381,14,37,0.378,20,27,0.741,17,28,45,25,7,4,12,17,108,-16,1
989,22021,1610612751,BKN,Brooklyn Nets,0022100507,2021-12-27,BKN @ LAC,W,240,50,88,0.568,13,34,0.382,11,16,0.688,7,40,47,31,7,8,15,25,124,16,1
990,22021,1610612762,UTA,Utah Jazz,0022100504,2021-12-27,UTA @ SAS,W,240,39,86,0.453,9,31,0.29,23,30,0.767,7,48,55,19,9,4,15,15,110,6,1
991,22021,1610612759,SAS,San Antonio Spurs,0022100504,2021-12-27,SAS vs. UTA,L,240,45,100,0.45,10,30,0.333,4,9,0.444,9,35,44,26,8,3,10,24,104,-6,1
992,22021,1610612737,ATL,Atlanta Hawks,0022100502,2021-12-27,ATL vs. CHI,L,240,40,89,0.449,15,34,0.441,23,26,0.885,11,34,45,22,3,5,10,14,118,-12,1
993,22021,1610612741,CHI,Chicago Bulls,0022100502,2021-12-27,CHI @ ATL,W,240,51,94,0.543,18,37,0.486,10,14,0.714,9,35,44,29,5,6,10,19,130,12,1
994,22021,1610612766,CHA,Charlotte Hornets,0022100501,2021-12-27,CHA vs. HOU,W,240,47,88,0.534,18,41,0.439,11,14,0.786,7,32,39,33,13,4,16,18,123,24,1
995,22021,1610612745,HOU,Houston Rockets,0022100501,2021-12-27,HOU @ CHA,L,240,36,87,0.414,15,46,0.326,12,18,0.667,13,31,44,20,9,3,21,15,99,-24,1
996,22021,1610612749,MIL,Milwaukee Bucks,0022100508,2021-12-28,MIL @ ORL,W,240,47,85,0.553,17,37,0.459,16,22,0.727,7,33,40,31,4,3,13,20,127,17,1
997,22021,1610612753,ORL,Orlando Magic,0022100508,2021-12-28,ORL vs. MIL,L,240,38,83,0.458,12,39,0.308,22,26,0.846,7,30,37,24,7,4,13,25,110,-17,1
998,22021,1610612764,WAS,Washington Wizards,0022100509,2021-12-28,WAS @ MIA,L,240,42,85,0.494,17,42,0.405,11,14,0.786,13,34,47,27,5,3,18,20,112,-7,1
999,22021,1610612748,MIA,Miami Heat,0022100509,2021-12-28,MIA vs. WAS,W,240,41,92,0.446,16,34,0.471,21,23,0.913,14,28,42,26,14,5,8,13,119,7,1
1000,22021,1610612739,CLE,Cleveland Cavaliers,0022100513,2021-12-28,CLE @ NOP,L,240,37,88,0.42,14,41,0.341,16,19,0.842,11,31,42,27,6,3,8,19,104,-4,1
1001,22021,1610612740,NOP,New Orleans Pelicans,0022100513,2021-12-28,NOP vs. CLE,W,240,36,80,0.45,16,36,0.444,20,26,0.769,8,36,44,24,3,8,13,16,108,4,1
1002,22021,1610612747,LAL,Los Angeles Lakers,0022100511,2021-12-28,LAL @ HOU,W,240,48,92,0.522,14,34,0.412,22,29,0.759,14,34,48,27,8,6,12,23,132,9,1
1003,22021,1610612745,HOU,Houston Rockets,0022100511,2021-12-28,HOU vs. LAL,L,240,44,83,0.53,16,35,0.457,19,25,0.76,4,26,30,24,10,7,14,20,123,-9,1
1004,22021,1610612750,MIN,Minnesota Timberwolves,0022100512,2021-12-28,MIN vs. NYK,L,240,34,85,0.4,7,38,0.184,13,20,0.65,10,35,45,22,6,11,11,22,88,-8,1
1005,22021,1610612752,NYK,New York Knicks,0022100512,2021-12-28,NYK @ MIN,W,240,37,90,0.411,16,40,0.4,6,16,0.375,15,39,54,20,5,4,16,20,96,8,1
1006,22021,1610612760,OKC,Oklahoma City Thunder,0022100515,2021-12-28,OKC @ SAC,L,240,35,90,0.389,11,33,0.333,30,36,0.833,8,37,45,16,6,6,9,21,111,-6,1
1007,22021,1610612758,SAC,Sacramento Kings,0022100515,2021-12-28,SAC vs. OKC,W,240,40,95,0.421,17,39,0.436,20,27,0.741,11,46,57,25,3,9,10,22,117,6,1
1008,22021,1610612744,GSW,Golden State Warriors,0022100514,2021-12-28,GSW vs. DEN,L,240,30,72,0.417,10,32,0.313,16,31,0.516,8,35,43,20,8,2,17,20,86,-3,1
1009,22021,1610612743,DEN,Denver Nuggets,0022100514,2021-12-28,DEN @ GSW,W,240,34,83,0.41,8,33,0.242,13,20,0.65,13,31,44,24,10,5,16,19,89,3,1
1010,22021,1610612755,PHI,Philadelphia 76ers,0022100510,2021-12-28,PHI @ TOR,W,240,34,77,0.442,14,30,0.467,32,38,0.842,8,34,42,23,6,4,8,18,114,5,1
1011,22021,1610612761,TOR,Toronto Raptors,0022100510,2021-12-28,TOR vs. PHI,L,240,38,87,0.437,15,41,0.366,18,22,0.818,9,34,43,24,7,5,10,24,109,-5,1
1012,22021,1610612752,NYK,New York Knicks,0022100516,2021-12-29,NYK @ DET,W,240,31,81,0.383,8,31,0.258,24,27,0.889,11,37,48,19,11,5,17,14,94,9,1
1013,22021,1610612765,DET,Detroit Pistons,0022100516,2021-12-29,DET vs. NYK,L,240,30,81,0.37,12,35,0.343,13,17,0.765,8,35,43,19,11,5,17,23,85,-9,1
1014,22021,1610612766,CHA,Charlotte Hornets,0022100517,2021-12-29,CHA @ IND,W,240,44,85,0.518,9,26,0.346,19,32,0.594,8,40,48,27,12,5,14,20,116,8,1
1015,22021,1610612754,IND,Indiana Pacers,0022100517,2021-12-29,IND vs. CHA,L,240,36,86,0.419,17,45,0.378,19,29,0.655,10,35,45,25,8,6,18,20,108,-8,1
1016,22021,1610612746,LAC,LA Clippers,0022100518,2021-12-29,LAC @ BOS,W,240,33,81,0.407,11,28,0.393,14,17,0.824,9,40,49,17,5,4,16,12,91,9,1
1017,22021,1610612738,BOS,Boston Celtics,0022100518,2021-12-29,BOS vs. LAC,L,240,35,101,0.347,4,42,0.095,8,11,0.727,21,29,50,19,8,8,8,16,82,-9,1
1018,22021,1610612737,ATL,Atlanta Hawks,0022100519,2021-12-29,ATL @ CHI,L,240,44,92,0.478,11,26,0.423,18,26,0.692,10,27,37,26,6,3,11,17,117,-14,1
1019,22021,1610612741,CHI,Chicago Bulls,0022100519,2021-12-29,CHI vs. ATL,W,240,52,84,0.619,10,22,0.455,17,22,0.773,6,35,41,38,9,6,15,18,131,14,1
1020,22021,1610612763,MEM,Memphis Grizzlies,0022100520,2021-12-29,MEM vs. LAL,W,240,35,85,0.412,10,30,0.333,24,29,0.828,13,30,43,18,13,5,13,11,104,5,1
1021,22021,1610612747,LAL,Los Angeles Lakers,0022100520,2021-12-29,LAL @ MEM,L,240,39,86,0.453,15,41,0.366,6,8,0.75,7,32,39,24,5,5,18,25,99,-5,1
1022,22021,1610612760,OKC,Oklahoma City Thunder,0022100522,2021-12-29,OKC @ PHX,L,240,38,96,0.396,7,35,0.2,14,16,0.875,14,31,45,19,6,1,12,24,97,-18,1
1023,22021,1610612756,PHX,Phoenix Suns,0022100522,2021-12-29,PHX vs. OKC,W,240,41,89,0.461,12,34,0.353,21,28,0.75,18,38,56,22,7,7,15,15,115,18,1
1024,22021,1610612757,POR,Portland Trail Blazers,0022100523,2021-12-29,POR vs. UTA,L,240,37,88,0.42,14,40,0.35,17,24,0.708,11,34,45,23,6,3,11,28,105,-15,1
1025,22021,1610612762,UTA,Utah Jazz,0022100523,2021-12-29,UTA @ POR,W,240,46,87,0.529,8,29,0.276,20,32,0.625,13,33,46,22,6,3,11,20,120,15,1
1026,22021,1610612742,DAL,Dallas Mavericks,0022100524,2021-12-29,DAL @ SAC,L,240,38,81,0.469,9,24,0.375,9,13,0.692,7,29,36,23,7,5,13,19,94,-1,1
1027,22021,1610612758,SAC,Sacramento Kings,0022100524,2021-12-29,SAC vs. DAL,W,240,36,75,0.48,10,26,0.385,13,15,0.867,7,31,38,21,5,2,15,21,95,1,1
1028,22021,1610612739,CLE,Cleveland Cavaliers,0022100527,2021-12-30,CLE @ WAS,L,240,35,83,0.422,8,28,0.286,15,23,0.652,8,36,44,20,4,3,13,17,93,-17,1
1029,22021,1610612764,WAS,Washington Wizards,0022100527,2021-12-30,WAS vs. CLE,W,240,45,90,0.5,9,29,0.31,11,17,0.647,10,37,47,27,7,8,8,19,110,17,1
1030,22021,1610612751,BKN,Brooklyn Nets,0022100525,2021-12-30,BKN vs. PHI,L,240,37,81,0.457,7,27,0.259,21,27,0.778,12,40,52,21,4,9,18,22,102,-8,1
1031,22021,1610612755,PHI,Philadelphia 76ers,0022100525,2021-12-30,PHI @ BKN,W,240,42,100,0.42,13,32,0.406,13,20,0.65,14,29,43,22,10,4,8,20,110,8,1
1032,22021,1610612753,ORL,Orlando Magic,0022100526,2021-12-30,ORL vs. MIL,L,240,42,87,0.483,13,36,0.361,21,27,0.778,6,27,33,26,5,1,10,26,118,-18,1
1033,22021,1610612749,MIL,Milwaukee Bucks,0022100526,2021-12-30,MIL @ ORL,W,240,45,91,0.495,13,33,0.394,33,36,0.917,14,36,50,24,7,6,13,19,136,18,1
1034,22021,1610612748,MIA,Miami Heat,0022100532,2021-12-31,MIA @ HOU,W,240,40,86,0.465,14,33,0.424,26,31,0.839,11,32,43,21,7,6,14,16,120,10,1
1035,22021,1610612745,HOU,Houston Rockets,0022100532,2021-12-31,HOU vs. MIA,L,240,41,93,0.441,14,42,0.333,14,17,0.824,15,31,46,21,9,4,18,27,110,-10,1
1036,22021,1610612739,CLE,Cleveland Cavaliers,0022100533,2021-12-31,CLE vs. ATL,L,240,48,84,0.571,8,25,0.32,14,24,0.583,8,38,46,27,1,8,9,18,118,-3,1
1037,22021,1610612737,ATL,Atlanta Hawks,0022100533,2021-12-31,ATL @ CLE,W,240,43,97,0.443,16,38,0.421,19,21,0.905,14,30,44,23,8,4,2,23,121,3,1
1038,22021,1610612761,TOR,Toronto Raptors,0022100534,2021-12-31,TOR vs. LAC,W,240,40,96,0.417,11,35,0.314,25,33,0.758,18,36,54,19,8,4,7,18,116,8,1
1039,22021,1610612746,LAC,LA Clippers,0022100534,2021-12-31,LAC @ TOR,L,240,38,78,0.487,15,34,0.441,17,19,0.895,3,34,37,27,6,7,13,24,108,-8,1
1040,22021,1610612760,OKC,Oklahoma City Thunder,0022100536,2021-12-31,OKC vs. NYK,W,240,36,87,0.414,18,43,0.419,5,7,0.714,7,42,49,21,6,3,10,17,95,15,1
1041,22021,1610612752,NYK,New York Knicks,0022100536,2021-12-31,NYK @ OKC,L,240,30,81,0.37,8,41,0.195,12,22,0.545,5,43,48,12,6,3,10,12,80,-15,1
1042,22021,1610612756,PHX,Phoenix Suns,0022100529,2021-12-31,PHX @ BOS,L,240,41,100,0.41,11,35,0.314,15,16,0.938,15,22,37,20,10,2,10,21,108,-15,1
1043,22021,1610612738,BOS,Boston Celtics,0022100529,2021-12-31,BOS vs. PHX,W,240,45,83,0.542,10,27,0.37,23,26,0.885,13,38,51,28,6,7,18,18,123,15,1
1044,22021,1610612741,CHI,Chicago Bulls,0022100530,2021-12-31,CHI @ IND,W,240,35,86,0.407,12,27,0.444,26,30,0.867,8,34,42,22,11,5,11,19,108,2,1
1045,22021,1610612754,IND,Indiana Pacers,0022100530,2021-12-31,IND vs. CHI,L,240,38,91,0.418,8,31,0.258,22,29,0.759,17,38,55,23,7,8,17,22,106,-2,1
1046,22021,1610612763,MEM,Memphis Grizzlies,0022100535,2021-12-31,MEM vs. SAS,W,240,49,102,0.48,10,26,0.385,10,16,0.625,16,42,58,28,7,11,10,18,118,13,1
1047,22021,1610612759,SAS,San Antonio Spurs,0022100535,2021-12-31,SAS @ MEM,L,240,39,90,0.433,12,35,0.343,15,24,0.625,11,36,47,24,3,8,11,15,105,-13,1
1048,22021,1610612762,UTA,Utah Jazz,0022100537,2021-12-31,UTA vs. MIN,W,240,37,78,0.474,11,29,0.379,35,41,0.854,10,39,49,18,4,5,18,20,120,12,1
1049,22021,1610612750,MIN,Minnesota Timberwolves,0022100537,2021-12-31,MIN @ UTA,L,240,40,93,0.43,14,41,0.341,14,22,0.636,11,30,41,23,9,5,10,30,108,-12,1
1050,22021,1610612757,POR,Portland Trail Blazers,0022100538,2021-12-31,POR @ LAL,L,240,36,102,0.353,12,42,0.286,22,27,0.815,21,33,54,19,4,2,9,22,106,-33,1
1051,22021,1610612747,LAL,Los Angeles Lakers,0022100538,2021-12-31,LAL vs. POR,W,240,47,85,0.553,19,41,0.463,26,30,0.867,5,42,47,27,6,9,7,21,139,33,1
1052,22021,1610612758,SAC,Sacramento Kings,0022100531,2021-12-31,SAC vs. DAL,L,240,38,91,0.418,10,29,0.345,10,12,0.833,8,25,33,25,7,4,10,16,96,-16,1
1053,22021,1610612742,DAL,Dallas Mavericks,0022100531,2021-12-31,DAL @ SAC,W,240,42,81,0.519,9,22,0.409,19,22,0.864,10,37,47,30,5,7,13,14,112,16,1
1054,22021,1610612740,NOP,New Orleans Pelicans,0022100539,2022-01-01,NOP @ MIL,L,240,39,95,0.411,16,51,0.314,19,30,0.633,14,36,50,28,10,5,15,16,113,-23,1
1055,22021,1610612749,MIL,Milwaukee Bucks,0022100539,2022-01-01,MIL vs. NOP,W,240,49,92,0.533,23,48,0.479,15,18,0.833,4,44,48,27,10,4,14,20,136,23,1
1056,22021,1610612764,WAS,Washington Wizards,0022100541,2022-01-01,WAS vs. CHI,L,240,46,87,0.529,6,27,0.222,21,26,0.808,6,37,43,26,9,3,12,22,119,-1,1
1057,22021,1610612741,CHI,Chicago Bulls,0022100541,2022-01-01,CHI @ WAS,W,240,41,84,0.488,17,34,0.5,21,25,0.84,6,38,44,17,4,4,15,24,120,1,1
1058,22021,1610612759,SAS,San Antonio Spurs,0022100540,2022-01-01,SAS @ DET,L,265,42,102,0.412,12,40,0.3,20,28,0.714,13,35,48,30,8,3,17,27,116,-1,1
1059,22021,1610612765,DET,Detroit Pistons,0022100540,2022-01-01,DET vs. SAS,W,265,41,101,0.406,9,35,0.257,26,33,0.788,22,41,63,18,12,6,21,23,117,1,1
1060,22021,1610612743,DEN,Denver Nuggets,0022100543,2022-01-01,DEN @ HOU,W,240,46,86,0.535,10,32,0.313,22,27,0.815,13,33,46,33,10,6,18,23,124,13,1
1061,22021,1610612745,HOU,Houston Rockets,0022100543,2022-01-01,HOU vs. DEN,L,240,37,85,0.435,16,42,0.381,21,24,0.875,13,23,36,20,10,4,18,24,111,-13,1
1062,22021,1610612746,LAC,LA Clippers,0022100542,2022-01-01,LAC @ BKN,W,240,42,86,0.488,14,36,0.389,22,31,0.71,7,33,40,23,7,6,11,19,120,4,1
1063,22021,1610612751,BKN,Brooklyn Nets,0022100542,2022-01-01,BKN vs. LAC,L,240,42,97,0.433,11,33,0.333,21,25,0.84,17,40,57,26,9,2,15,20,116,-4,1
1064,22021,1610612744,GSW,Golden State Warriors,0022100544,2022-01-01,GSW @ UTA,W,240,46,86,0.535,17,32,0.531,14,21,0.667,7,33,40,39,10,2,15,24,123,7,1
1065,22021,1610612762,UTA,Utah Jazz,0022100544,2022-01-01,UTA vs. GSW,L,240,40,92,0.435,14,44,0.318,22,28,0.786,15,30,45,19,7,0,13,21,116,-7,1
1066,22021,1610612748,MIA,Miami Heat,0022100548,2022-01-02,MIA @ SAC,L,240,46,105,0.438,9,33,0.273,12,12,1.0,18,31,49,26,4,3,9,18,113,-2,1
1067,22021,1610612758,SAC,Sacramento Kings,0022100548,2022-01-02,SAC vs. MIA,W,240,40,78,0.513,13,34,0.382,22,27,0.815,7,32,39,31,3,2,16,18,115,2,1
1068,22021,1610612739,CLE,Cleveland Cavaliers,0022100547,2022-01-02,CLE vs. IND,W,240,41,88,0.466,6,26,0.231,20,28,0.714,12,36,48,26,6,4,11,11,108,4,1
1069,22021,1610612754,IND,Indiana Pacers,0022100547,2022-01-02,IND @ CLE,L,240,37,83,0.446,19,46,0.413,11,14,0.786,9,30,39,24,6,6,14,24,104,-4,1
1070,22021,1610612742,DAL,Dallas Mavericks,0022100550,2022-01-02,DAL @ OKC,W,240,38,85,0.447,14,39,0.359,5,7,0.714,7,41,48,28,9,3,16,12,95,9,1
1071,22021,1610612760,OKC,Oklahoma City Thunder,0022100550,2022-01-02,OKC vs. DAL,L,240,35,85,0.412,10,30,0.333,6,9,0.667,7,34,41,20,11,4,11,16,86,-9,1
1072,22021,1610612747,LAL,Los Angeles Lakers,0022100551,2022-01-02,LAL vs. MIN,W,240,36,75,0.48,13,41,0.317,23,29,0.793,4,24,28,20,13,5,18,16,108,5,1
1073,22021,1610612750,MIN,Minnesota Timberwolves,0022100551,2022-01-02,MIN @ LAL,L,240,41,92,0.446,9,38,0.237,12,16,0.75,20,36,56,21,9,2,24,22,103,-5,1
1074,22021,1610612738,BOS,Boston Celtics,0022100546,2022-01-02,BOS vs. ORL,W,265,39,86,0.453,13,36,0.361,25,28,0.893,9,37,46,25,5,10,22,23,116,5,1
1075,22021,1610612753,ORL,Orlando Magic,0022100546,2022-01-02,ORL @ BOS,L,265,40,95,0.421,9,27,0.333,22,27,0.815,10,35,45,17,12,3,16,24,111,-5,1
1076,22021,1610612752,NYK,New York Knicks,0022100545,2022-01-02,NYK @ TOR,L,240,35,78,0.449,12,36,0.333,23,28,0.821,7,23,30,22,11,4,18,26,105,-15,1
1077,22021,1610612761,TOR,Toronto Raptors,0022100545,2022-01-02,TOR vs. NYK,W,240,41,86,0.477,13,34,0.382,25,30,0.833,11,33,44,21,9,5,17,27,120,15,1
1078,22021,1610612756,PHX,Phoenix Suns,0022100549,2022-01-02,PHX @ CHA,W,240,52,103,0.505,17,41,0.415,12,12,1.0,14,39,53,36,15,4,17,21,133,34,1
1079,22021,1610612766,CHA,Charlotte Hornets,0022100549,2022-01-02,CHA vs. PHX,L,240,39,85,0.459,9,35,0.257,12,21,0.571,5,29,34,27,10,9,18,15,99,-34,1
1080,22021,1610612755,PHI,Philadelphia 76ers,0022100552,2022-01-03,PHI vs. HOU,W,240,50,96,0.521,17,40,0.425,16,17,0.941,12,42,54,33,7,7,14,21,133,20,1
1081,22021,1610612745,HOU,Houston Rockets,0022100552,2022-01-03,HOU @ PHI,L,240,37,89,0.416,15,44,0.341,24,33,0.727,11,31,42,25,6,4,11,16,113,-20,1
1082,22021,1610612766,CHA,Charlotte Hornets,0022100553,2022-01-03,CHA @ WAS,L,240,50,104,0.481,14,38,0.368,7,13,0.538,13,32,45,28,14,5,9,22,121,-3,1
1083,22021,1610612764,WAS,Washington Wizards,0022100553,2022-01-03,WAS vs. CHA,W,240,40,87,0.46,16,38,0.421,28,31,0.903,10,41,51,26,5,4,15,12,124,3,1
1084,22021,1610612763,MEM,Memphis Grizzlies,0022100554,2022-01-03,MEM @ BKN,W,240,48,102,0.471,10,35,0.286,12,21,0.571,23,38,61,24,11,5,13,21,118,14,1
1085,22021,1610612751,BKN,Brooklyn Nets,0022100554,2022-01-03,BKN vs. MEM,L,240,37,82,0.451,9,31,0.29,21,26,0.808,8,25,33,28,10,10,13,20,104,-14,1
1086,22021,1610612765,DET,Detroit Pistons,0022100556,2022-01-03,DET @ MIL,W,240,44,91,0.484,18,43,0.419,9,14,0.643,9,38,47,31,6,1,14,21,115,9,1
1087,22021,1610612749,MIL,Milwaukee Bucks,0022100556,2022-01-03,MIL vs. DET,L,240,39,92,0.424,11,46,0.239,17,22,0.773,11,36,47,21,9,2,8,12,106,-9,1
1088,22021,1610612741,CHI,Chicago Bulls,0022100555,2022-01-03,CHI vs. ORL,W,240,37,86,0.43,11,31,0.355,17,23,0.739,10,39,49,17,10,4,13,16,102,4,1
1089,22021,1610612753,ORL,Orlando Magic,0022100555,2022-01-03,ORL @ CHI,L,240,36,85,0.424,10,27,0.37,16,18,0.889,5,39,44,24,5,2,13,17,98,-4,1
1090,22021,1610612762,UTA,Utah Jazz,0022100557,2022-01-03,UTA @ NOP,W,240,41,85,0.482,19,39,0.487,14,17,0.824,10,33,43,22,6,4,15,24,115,11,1
1091,22021,1610612740,NOP,New Orleans Pelicans,0022100557,2022-01-03,NOP vs. UTA,L,240,39,97,0.402,12,46,0.261,14,22,0.636,17,30,47,21,7,5,10,21,104,-11,1
1092,22021,1610612743,DEN,Denver Nuggets,0022100558,2022-01-03,DEN @ DAL,L,240,31,67,0.463,6,25,0.24,21,29,0.724,11,36,47,21,6,1,26,24,89,-14,1
1093,22021,1610612742,DAL,Dallas Mavericks,0022100558,2022-01-03,DAL vs. DEN,W,240,35,78,0.449,14,37,0.378,19,21,0.905,5,23,28,23,12,5,11,21,103,14,1
1094,22021,1610612757,POR,Portland Trail Blazers,0022100560,2022-01-03,POR vs. ATL,W,240,47,89,0.528,18,41,0.439,24,28,0.857,12,29,41,29,10,3,10,19,136,5,1
1095,22021,1610612737,ATL,Atlanta Hawks,0022100560,2022-01-03,ATL @ POR,L,240,48,88,0.545,14,41,0.341,21,24,0.875,9,30,39,31,6,1,13,24,131,-5,1
1096,22021,1610612748,MIA,Miami Heat,0022100559,2022-01-03,MIA @ GSW,L,240,37,90,0.411,17,42,0.405,17,19,0.895,11,38,49,24,5,2,19,13,108,-7,1
1097,22021,1610612744,GSW,Golden State Warriors,0022100559,2022-01-03,GSW vs. MIA,W,240,45,92,0.489,14,38,0.368,11,13,0.846,7,36,43,39,11,6,12,17,115,7,1
1098,22021,1610612750,MIN,Minnesota Timberwolves,0022100561,2022-01-03,MIN @ LAC,W,240,49,93,0.527,16,45,0.356,8,9,0.889,11,29,40,34,9,4,17,14,122,18,1
1099,22021,1610612746,LAC,LA Clippers,0022100561,2022-01-03,LAC vs. MIN,L,240,39,78,0.5,11,32,0.344,15,17,0.882,4,27,31,22,12,3,21,10,104,-18,1
1100,22021,1610612759,SAS,San Antonio Spurs,0022100563,2022-01-04,SAS @ TOR,L,240,41,95,0.432,9,35,0.257,13,19,0.684,17,33,50,27,6,3,20,23,104,-25,1
1101,22021,1610612761,TOR,Toronto Raptors,0022100563,2022-01-04,TOR vs. SAS,W,240,45,96,0.469,18,44,0.409,21,29,0.724,16,36,52,30,13,8,12,20,129,25,1
1102,22021,1610612739,CLE,Cleveland Cavaliers,0022100562,2022-01-04,CLE vs. MEM,L,240,40,92,0.435,10,34,0.294,16,21,0.762,14,35,49,28,2,6,13,14,106,-4,1
1103,22021,1610612763,MEM,Memphis Grizzlies,0022100562,2022-01-04,MEM @ CLE,W,240,42,90,0.467,9,27,0.333,17,22,0.773,12,33,45,21,6,8,9,18,110,4,1
1104,22021,1610612752,NYK,New York Knicks,0022100564,2022-01-04,NYK vs. IND,W,240,39,80,0.488,6,28,0.214,20,28,0.714,14,37,51,17,6,0,10,23,104,10,1
1105,22021,1610612754,IND,Indiana Pacers,0022100564,2022-01-04,IND @ NYK,L,240,32,76,0.421,9,38,0.237,21,32,0.656,9,26,35,22,3,3,12,20,94,-10,1
1106,22021,1610612756,PHX,Phoenix Suns,0022100565,2022-01-04,PHX @ NOP,W,240,46,85,0.541,17,31,0.548,14,20,0.7,5,37,42,32,7,5,11,24,123,13,1
1107,22021,1610612740,NOP,New Orleans Pelicans,0022100565,2022-01-04,NOP vs. PHX,L,240,36,89,0.404,10,33,0.303,28,32,0.875,15,33,48,28,7,3,12,21,110,-13,1
1108,22021,1610612758,SAC,Sacramento Kings,0022100566,2022-01-04,SAC @ LAL,L,240,43,83,0.518,14,34,0.412,14,18,0.778,9,36,45,31,2,3,18,18,114,-8,1
1109,22021,1610612747,LAL,Los Angeles Lakers,0022100566,2022-01-04,LAL vs. SAC,W,240,49,99,0.495,11,32,0.344,13,20,0.65,14,30,44,24,6,5,5,16,122,8,1
1110,22021,1610612754,IND,Indiana Pacers,0022100571,2022-01-05,IND vs. BKN,L,240,41,82,0.5,13,39,0.333,26,28,0.929,7,26,33,26,3,5,17,19,121,-8,1
1111,22021,1610612751,BKN,Brooklyn Nets,0022100571,2022-01-05,BKN @ IND,W,240,49,86,0.57,5,21,0.238,26,29,0.897,9,29,38,28,13,4,12,20,129,8,1
1112,22021,1610612765,DET,Detroit Pistons,0022100567,2022-01-05,DET @ CHA,L,240,43,92,0.467,14,42,0.333,11,20,0.55,9,27,36,26,12,3,13,21,111,-29,1
1113,22021,1610612766,CHA,Charlotte Hornets,0022100567,2022-01-05,CHA vs. DET,W,240,48,81,0.593,24,42,0.571,20,29,0.69,8,41,49,39,6,3,17,21,140,29,1
1114,22021,1610612755,PHI,Philadelphia 76ers,0022100568,2022-01-05,PHI @ ORL,W,240,43,85,0.506,12,28,0.429,18,24,0.75,10,32,42,26,8,4,17,16,116,10,1
1115,22021,1610612753,ORL,Orlando Magic,0022100568,2022-01-05,ORL vs. PHI,L,240,40,90,0.444,12,39,0.308,14,20,0.7,14,33,47,22,9,3,19,30,106,-10,1
1116,22021,1610612745,HOU,Houston Rockets,0022100569,2022-01-05,HOU @ WAS,W,240,40,85,0.471,9,26,0.346,25,32,0.781,10,38,48,15,10,2,21,24,114,3,1
1117,22021,1610612764,WAS,Washington Wizards,0022100569,2022-01-05,WAS vs. HOU,L,240,40,91,0.44,10,39,0.256,21,26,0.808,9,32,41,18,9,6,15,27,111,-3,1
1118,22021,1610612759,SAS,San Antonio Spurs,0022100570,2022-01-05,SAS @ BOS,W,240,42,88,0.477,10,26,0.385,5,5,1.0,12,36,48,20,6,5,18,13,99,2,1
1119,22021,1610612738,BOS,Boston Celtics,0022100570,2022-01-05,BOS vs. SAS,L,240,40,90,0.444,9,28,0.321,8,9,0.889,13,28,41,19,10,9,10,12,97,-2,1
1120,22021,1610612742,DAL,Dallas Mavericks,0022100572,2022-01-05,DAL vs. GSW,W,240,33,87,0.379,12,40,0.3,21,26,0.808,10,36,46,22,6,5,12,15,99,17,1
1121,22021,1610612744,GSW,Golden State Warriors,0022100572,2022-01-05,GSW @ DAL,L,240,33,81,0.407,5,28,0.179,11,16,0.688,8,38,46,20,10,5,17,20,82,-17,1
1122,22021,1610612760,OKC,Oklahoma City Thunder,0022100574,2022-01-05,OKC @ MIN,L,240,33,90,0.367,9,35,0.257,15,18,0.833,14,38,52,21,11,7,18,18,90,-8,1
1123,22021,1610612750,MIN,Minnesota Timberwolves,0022100574,2022-01-05,MIN vs. OKC,W,240,36,90,0.4,12,44,0.273,14,20,0.7,15,40,55,23,11,7,16,16,98,8,1
1124,22021,1610612761,TOR,Toronto Raptors,0022100573,2022-01-05,TOR @ MIL,W,240,42,89,0.472,16,36,0.444,17,25,0.68,10,34,44,24,8,4,15,20,117,6,1
1125,22021,1610612749,MIL,Milwaukee Bucks,0022100573,2022-01-05,MIL vs. TOR,L,240,38,85,0.447,17,39,0.436,18,26,0.692,9,36,45,22,10,8,18,18,111,-6,1
1126,22021,1610612743,DEN,Denver Nuggets,0022100575,2022-01-05,DEN vs. UTA,L,240,42,88,0.477,11,36,0.306,14,15,0.933,6,36,42,27,2,4,12,21,109,-6,1
1127,22021,1610612762,UTA,Utah Jazz,0022100575,2022-01-05,UTA @ DEN,W,240,43,92,0.467,14,41,0.341,15,18,0.833,8,36,44,22,7,4,7,18,115,6,1
1128,22021,1610612737,ATL,Atlanta Hawks,0022100577,2022-01-05,ATL @ SAC,W,240,39,86,0.453,8,30,0.267,22,30,0.733,10,38,48,20,8,5,10,14,108,6,1
1129,22021,1610612758,SAC,Sacramento Kings,0022100577,2022-01-05,SAC vs. ATL,L,240,38,90,0.422,11,27,0.407,15,20,0.75,10,37,47,15,6,1,11,20,102,-6,1
1130,22021,1610612748,MIA,Miami Heat,0022100576,2022-01-05,MIA @ POR,W,240,37,82,0.451,19,41,0.463,22,29,0.759,14,36,50,29,3,3,11,21,115,6,1
1131,22021,1610612757,POR,Portland Trail Blazers,0022100576,2022-01-05,POR vs. MIA,L,240,33,78,0.423,15,38,0.395,28,36,0.778,8,28,36,18,8,4,6,23,109,-6,1
1132,22021,1610612744,GSW,Golden State Warriors,0022100580,2022-01-06,GSW @ NOP,L,240,37,87,0.425,7,33,0.212,15,18,0.833,8,35,43,22,12,6,14,24,96,-5,1
1133,22021,1610612740,NOP,New Orleans Pelicans,0022100580,2022-01-06,NOP vs. GSW,W,240,35,83,0.422,8,34,0.235,23,29,0.793,8,38,46,20,7,5,17,18,101,5,1
1134,22021,1610612738,BOS,Boston Celtics,0022100578,2022-01-06,BOS @ NYK,L,240,38,80,0.475,17,45,0.378,12,13,0.923,8,30,38,22,5,10,13,16,105,-3,1
1135,22021,1610612752,NYK,New York Knicks,0022100578,2022-01-06,NYK vs. BOS,W,240,40,90,0.444,18,36,0.5,10,15,0.667,11,31,42,23,8,1,11,17,108,3,1
1136,22021,1610612765,DET,Detroit Pistons,0022100579,2022-01-06,DET @ MEM,L,240,34,99,0.343,10,44,0.227,10,13,0.769,10,29,39,23,7,3,13,14,88,-30,1
1137,22021,1610612763,MEM,Memphis Grizzlies,0022100579,2022-01-06,MEM vs. DET,W,240,48,98,0.49,10,32,0.313,12,19,0.632,18,43,61,31,8,9,19,18,118,30,1
1138,22021,1610612746,LAC,LA Clippers,0022100581,2022-01-06,LAC @ PHX,L,240,31,86,0.36,6,28,0.214,21,25,0.84,8,41,49,20,5,7,13,16,89,-17,1
1139,22021,1610612756,PHX,Phoenix Suns,0022100581,2022-01-06,PHX vs. LAC,W,240,44,107,0.411,10,31,0.323,8,10,0.8,21,42,63,22,5,7,8,20,106,17,1
1140,22021,1610612761,TOR,Toronto Raptors,0022100584,2022-01-07,TOR vs. UTA,W,240,45,100,0.45,12,41,0.293,20,25,0.8,19,29,48,26,11,7,9,17,122,14,1
1141,22021,1610612762,UTA,Utah Jazz,0022100584,2022-01-07,UTA @ TOR,L,240,39,81,0.481,17,38,0.447,13,18,0.722,7,33,40,23,3,4,21,21,108,-14,1
1142,22021,1610612751,BKN,Brooklyn Nets,0022100583,2022-01-07,BKN vs. MIL,L,240,42,92,0.457,6,27,0.222,19,20,0.95,14,35,49,23,8,5,11,16,109,-12,1
1143,22021,1610612749,MIL,Milwaukee Bucks,0022100583,2022-01-07,MIL @ BKN,W,240,44,96,0.458,16,45,0.356,17,21,0.81,13,32,45,21,6,3,11,20,121,12,1
1144,22021,1610612741,CHI,Chicago Bulls,0022100585,2022-01-07,CHI vs. WAS,W,240,48,91,0.527,15,33,0.455,19,21,0.905,10,31,41,34,11,3,15,21,130,8,1
1145,22021,1610612764,WAS,Washington Wizards,0022100585,2022-01-07,WAS @ CHI,L,240,45,88,0.511,7,24,0.292,25,26,0.962,10,31,41,28,8,5,15,15,122,-8,1
1146,22021,1610612750,MIN,Minnesota Timberwolves,0022100587,2022-01-07,MIN @ OKC,W,240,50,90,0.556,17,41,0.415,18,25,0.72,8,37,45,39,12,8,15,18,135,30,1
1147,22021,1610612760,OKC,Oklahoma City Thunder,0022100587,2022-01-07,OKC vs. MIN,L,240,36,89,0.404,15,44,0.341,18,23,0.783,13,32,45,26,10,4,20,23,105,-30,1
1148,22021,1610612742,DAL,Dallas Mavericks,0022100586,2022-01-07,DAL @ HOU,W,240,49,90,0.544,17,38,0.447,15,28,0.536,11,44,55,34,6,4,16,24,130,24,1
1149,22021,1610612745,HOU,Houston Rockets,0022100586,2022-01-07,HOU vs. DAL,L,240,37,87,0.425,12,43,0.279,20,29,0.69,7,33,40,17,6,3,13,20,106,-24,1
1150,22021,1610612743,DEN,Denver Nuggets,0022100588,2022-01-07,DEN vs. SAC,W,240,47,85,0.553,12,34,0.353,15,24,0.625,5,36,41,32,5,7,8,20,121,10,1
1151,22021,1610612758,SAC,Sacramento Kings,0022100588,2022-01-07,SAC @ DEN,L,240,40,92,0.435,11,29,0.379,20,24,0.833,12,35,47,21,6,3,12,19,111,-10,1
1152,22021,1610612759,SAS,San Antonio Spurs,0022100582,2022-01-07,SAS @ PHI,L,240,38,92,0.413,9,30,0.3,15,20,0.75,11,28,39,22,6,6,12,21,100,-19,1
1153,22021,1610612755,PHI,Philadelphia 76ers,0022100582,2022-01-07,PHI vs. SAS,W,240,45,87,0.517,8,23,0.348,21,27,0.778,12,37,49,28,7,4,13,18,119,19,1
1154,22021,1610612737,ATL,Atlanta Hawks,0022100589,2022-01-07,ATL @ LAL,L,240,43,96,0.448,13,36,0.361,19,27,0.704,13,41,54,29,3,0,15,18,118,-16,1
1155,22021,1610612747,LAL,Los Angeles Lakers,0022100589,2022-01-07,LAL vs. ATL,W,240,50,101,0.495,17,41,0.415,17,19,0.895,8,39,47,37,14,4,8,26,134,16,1
1156,22021,1610612757,POR,Portland Trail Blazers,0022100590,2022-01-07,POR vs. CLE,L,240,37,92,0.402,16,35,0.457,11,19,0.579,16,35,51,22,8,5,12,19,101,-13,1
1157,22021,1610612739,CLE,Cleveland Cavaliers,0022100590,2022-01-07,CLE @ POR,W,240,39,80,0.488,17,39,0.436,19,29,0.655,8,35,43,22,7,3,9,15,114,13,1
1158,22021,1610612746,LAC,LA Clippers,0022100591,2022-01-08,LAC vs. MEM,L,240,39,96,0.406,10,32,0.313,20,24,0.833,14,35,49,16,7,6,13,23,108,-15,1
1159,22021,1610612763,MEM,Memphis Grizzlies,0022100591,2022-01-08,MEM @ LAC,W,240,44,100,0.44,12,38,0.316,23,31,0.742,16,40,56,26,9,11,10,21,123,15,1
1160,22021,1610612754,IND,Indiana Pacers,0022100594,2022-01-08,IND vs. UTA,W,240,44,80,0.55,14,29,0.483,23,32,0.719,5,33,38,30,9,7,10,21,125,12,1
1161,22021,1610612762,UTA,Utah Jazz,0022100594,2022-01-08,UTA @ IND,L,240,40,84,0.476,15,35,0.429,18,19,0.947,9,30,39,20,6,3,15,25,113,-12,1
1162,22021,1610612753,ORL,Orlando Magic,0022100593,2022-01-08,ORL @ DET,L,240,29,86,0.337,14,46,0.304,20,23,0.87,8,36,44,25,6,9,13,20,92,-5,1
1163,22021,1610612765,DET,Detroit Pistons,0022100593,2022-01-08,DET vs. ORL,W,240,38,87,0.437,10,33,0.303,11,16,0.688,7,42,49,23,7,6,13,21,97,5,1
1164,22021,1610612749,MIL,Milwaukee Bucks,0022100592,2022-01-08,MIL @ CHA,L,240,35,90,0.389,12,37,0.324,24,26,0.923,14,39,53,21,6,4,15,20,106,-8,1
1165,22021,1610612766,CHA,Charlotte Hornets,0022100592,2022-01-08,CHA vs. MIL,W,240,44,99,0.444,16,48,0.333,10,17,0.588,13,36,49,29,10,3,11,25,114,8,1
1166,22021,1610612738,BOS,Boston Celtics,0022100595,2022-01-08,BOS vs. NYK,W,240,36,76,0.474,12,29,0.414,15,17,0.882,9,36,45,26,8,8,12,15,99,24,1
1167,22021,1610612752,NYK,New York Knicks,0022100595,2022-01-08,NYK @ BOS,L,240,29,79,0.367,11,31,0.355,6,15,0.4,11,29,40,13,8,4,14,15,75,-24,1
1168,22021,1610612756,PHX,Phoenix Suns,0022100596,2022-01-08,PHX vs. MIA,L,240,30,79,0.38,14,34,0.412,26,29,0.897,6,29,35,24,10,1,16,14,100,-23,1
1169,22021,1610612748,MIA,Miami Heat,0022100596,2022-01-08,MIA @ PHX,W,240,44,88,0.5,22,44,0.5,13,15,0.867,11,38,49,33,9,1,16,18,123,23,1
1170,22021,1610612760,OKC,Oklahoma City Thunder,0022100601,2022-01-09,OKC vs. DEN,L,240,38,88,0.432,9,38,0.237,10,12,0.833,11,30,41,29,9,7,9,13,95,-4,1
1171,22021,1610612743,DEN,Denver Nuggets,0022100601,2022-01-09,DEN @ OKC,W,240,37,89,0.416,13,36,0.361,12,16,0.75,18,35,53,28,7,2,15,14,99,4,1
1172,22021,1610612745,HOU,Houston Rockets,0022100600,2022-01-09,HOU vs. MIN,L,240,46,97,0.474,14,43,0.326,17,28,0.607,10,35,45,31,5,6,13,17,123,-18,1
1173,22021,1610612750,MIN,Minnesota Timberwolves,0022100600,2022-01-09,MIN @ HOU,W,240,55,108,0.509,15,42,0.357,16,21,0.762,18,38,56,37,10,10,11,22,141,18,1
1174,22021,1610612742,DAL,Dallas Mavericks,0022100603,2022-01-09,DAL vs. CHI,W,240,44,88,0.5,16,36,0.444,9,9,1.0,7,41,48,28,4,2,10,14,113,14,1
1175,22021,1610612741,CHI,Chicago Bulls,0022100603,2022-01-09,CHI @ DAL,L,240,39,90,0.433,11,33,0.333,10,13,0.769,8,31,39,23,8,3,7,15,99,-14,1
1176,22021,1610612739,CLE,Cleveland Cavaliers,0022100604,2022-01-09,CLE @ GSW,L,240,32,75,0.427,7,24,0.292,11,18,0.611,8,34,42,21,9,3,19,10,82,-14,1
1177,22021,1610612744,GSW,Golden State Warriors,0022100604,2022-01-09,GSW vs. CLE,W,240,39,97,0.402,10,42,0.238,8,10,0.8,22,32,54,24,16,5,15,20,96,14,1
1178,22021,1610612751,BKN,Brooklyn Nets,0022100602,2022-01-09,BKN vs. SAS,W,265,47,98,0.48,8,28,0.286,19,22,0.864,13,42,55,26,8,8,22,18,121,2,1
1179,22021,1610612759,SAS,San Antonio Spurs,0022100602,2022-01-09,SAS @ BKN,L,265,46,107,0.43,13,32,0.406,14,18,0.778,12,32,44,33,12,8,15,19,119,-2,1
1180,22021,1610612737,ATL,Atlanta Hawks,0022100597,2022-01-09,ATL @ LAC,L,240,35,78,0.449,7,26,0.269,16,19,0.842,6,33,39,19,6,2,13,14,93,-13,1
1181,22021,1610612746,LAC,LA Clippers,0022100597,2022-01-09,LAC vs. ATL,W,240,44,92,0.478,12,33,0.364,6,7,0.857,13,34,47,24,5,4,13,18,106,13,1
1182,22021,1610612758,SAC,Sacramento Kings,0022100605,2022-01-09,SAC @ POR,L,240,33,85,0.388,7,31,0.226,15,21,0.714,8,38,46,20,8,5,12,17,88,-15,1
1183,22021,1610612757,POR,Portland Trail Blazers,0022100605,2022-01-09,POR vs. SAC,W,240,37,88,0.42,17,40,0.425,12,15,0.8,10,38,48,26,6,5,17,23,103,15,1
1184,22021,1610612747,LAL,Los Angeles Lakers,0022100606,2022-01-09,LAL vs. MEM,L,240,45,97,0.464,14,33,0.424,15,19,0.789,14,27,41,26,6,7,12,25,119,-8,1
1185,22021,1610612763,MEM,Memphis Grizzlies,0022100606,2022-01-09,MEM @ LAL,W,240,47,86,0.547,11,30,0.367,22,32,0.688,10,37,47,33,10,10,14,22,127,8,1
1186,22021,1610612761,TOR,Toronto Raptors,0022100599,2022-01-09,TOR vs. NOP,W,240,36,85,0.424,14,34,0.412,19,20,0.95,15,31,46,18,8,3,13,20,105,4,1
1187,22021,1610612740,NOP,New Orleans Pelicans,0022100599,2022-01-09,NOP @ TOR,L,240,34,75,0.453,12,33,0.364,21,25,0.84,7,28,35,20,5,5,13,18,101,-4,1
1188,22021,1610612753,ORL,Orlando Magic,0022100598,2022-01-09,ORL vs. WAS,L,240,38,95,0.4,9,28,0.321,15,16,0.938,9,33,42,18,9,6,8,21,100,-2,1
1189,22021,1610612764,WAS,Washington Wizards,0022100598,2022-01-09,WAS @ ORL,W,240,36,88,0.409,11,29,0.379,19,24,0.792,12,42,54,23,1,6,13,21,102,2,1
1190,22021,1610612762,UTA,Utah Jazz,0022100608,2022-01-10,UTA @ DET,L,240,44,86,0.512,11,33,0.333,17,22,0.773,10,30,40,23,9,4,16,16,116,-10,1
1191,22021,1610612765,DET,Detroit Pistons,0022100608,2022-01-10,DET vs. UTA,W,240,48,93,0.516,19,37,0.514,11,12,0.917,9,30,39,30,9,7,12,20,126,10,1
1192,22021,1610612749,MIL,Milwaukee Bucks,0022100607,2022-01-10,MIL @ CHA,L,240,37,84,0.44,13,43,0.302,12,16,0.75,7,41,48,25,7,2,20,17,99,-4,1
1193,22021,1610612766,CHA,Charlotte Hornets,0022100607,2022-01-10,CHA vs. MIL,W,240,38,96,0.396,13,44,0.295,14,16,0.875,13,35,48,23,12,3,14,16,103,4,1
1194,22021,1610612759,SAS,San Antonio Spurs,0022100610,2022-01-10,SAS @ NYK,L,240,39,95,0.411,8,29,0.276,10,15,0.667,13,30,43,19,7,7,10,18,96,-15,1
1195,22021,1610612752,NYK,New York Knicks,0022100610,2022-01-10,NYK vs. SAS,W,240,40,82,0.488,13,32,0.406,18,24,0.75,9,40,49,23,7,9,15,22,111,15,1
1196,22021,1610612754,IND,Indiana Pacers,0022100609,2022-01-10,IND @ BOS,L,265,36,94,0.383,11,37,0.297,15,17,0.882,10,37,47,22,10,6,20,21,98,-3,1
1197,22021,1610612738,BOS,Boston Celtics,0022100609,2022-01-10,BOS vs. IND,W,265,35,88,0.398,8,28,0.286,23,28,0.821,12,41,53,17,10,6,20,19,101,3,1
1198,22021,1610612755,PHI,Philadelphia 76ers,0022100711,2022-01-10,PHI @ HOU,W,240,43,94,0.457,10,35,0.286,15,18,0.833,14,33,47,23,14,7,15,21,111,20,1
1199,22021,1610612745,HOU,Houston Rockets,0022100711,2022-01-10,HOU vs. PHI,L,240,30,77,0.39,13,42,0.31,18,27,0.667,7,32,39,18,8,7,21,11,91,-20,1
1200,22021,1610612739,CLE,Cleveland Cavaliers,0022100611,2022-01-10,CLE @ SAC,W,240,43,87,0.494,10,34,0.294,13,15,0.867,14,34,48,29,6,8,17,18,109,1,1
1201,22021,1610612758,SAC,Sacramento Kings,0022100611,2022-01-10,SAC vs. CLE,L,240,39,91,0.429,14,30,0.467,16,22,0.727,15,28,43,20,10,3,12,16,108,-1,1
1202,22021,1610612751,BKN,Brooklyn Nets,0022100486,2022-01-10,BKN @ POR,L,240,42,91,0.462,12,32,0.375,12,15,0.8,12,30,42,23,9,6,15,22,108,-6,1
1203,22021,1610612757,POR,Portland Trail Blazers,0022100486,2022-01-10,POR vs. BKN,W,240,40,86,0.465,15,38,0.395,19,26,0.731,11,36,47,23,8,9,15,17,114,6,1
1204,22021,1610612764,WAS,Washington Wizards,0022100612,2022-01-11,WAS vs. OKC,W,240,47,87,0.54,11,33,0.333,17,23,0.739,7,35,42,29,3,7,8,15,122,4,1
1205,22021,1610612760,OKC,Oklahoma City Thunder,0022100612,2022-01-11,OKC @ WAS,L,240,47,98,0.48,11,39,0.282,13,15,0.867,9,32,41,23,5,1,5,20,118,-4,1
1206,22021,1610612756,PHX,Phoenix Suns,0022100613,2022-01-11,PHX @ TOR,W,240,35,74,0.473,11,32,0.344,18,22,0.818,10,29,39,25,10,2,20,23,99,4,1
1207,22021,1610612761,TOR,Toronto Raptors,0022100613,2022-01-11,TOR vs. PHX,L,240,36,89,0.404,8,37,0.216,15,25,0.6,22,25,47,15,11,3,16,20,95,-4,1
1208,22021,1610612744,GSW,Golden State Warriors,0022100614,2022-01-11,GSW @ MEM,L,240,35,82,0.427,13,36,0.361,25,29,0.862,4,41,45,25,8,5,17,19,108,-8,1
1209,22021,1610612763,MEM,Memphis Grizzlies,0022100614,2022-01-11,MEM vs. GSW,W,240,44,100,0.44,14,34,0.412,14,18,0.778,11,38,49,30,11,8,11,18,116,8,1
1210,22021,1610612741,CHI,Chicago Bulls,0022100415,2022-01-11,CHI vs. DET,W,240,50,92,0.543,18,34,0.529,15,19,0.789,14,47,61,33,13,4,18,23,133,46,1
1211,22021,1610612765,DET,Detroit Pistons,0022100415,2022-01-11,DET @ CHI,L,240,30,89,0.337,6,35,0.171,21,27,0.778,15,26,41,17,9,7,18,20,87,-46,1
1212,22021,1610612750,MIN,Minnesota Timberwolves,0022100615,2022-01-11,MIN @ NOP,L,240,42,86,0.488,18,39,0.462,23,31,0.742,9,23,32,27,11,4,13,24,125,-3,1
1213,22021,1610612740,NOP,New Orleans Pelicans,0022100615,2022-01-11,NOP vs. MIN,W,240,42,76,0.553,16,33,0.485,28,37,0.757,9,29,38,33,6,1,21,26,128,3,1
1214,22021,1610612746,LAC,LA Clippers,0022100616,2022-01-11,LAC vs. DEN,W,240,34,84,0.405,10,34,0.294,9,12,0.75,3,28,31,23,12,4,9,22,87,2,1
1215,22021,1610612743,DEN,Denver Nuggets,0022100616,2022-01-11,DEN @ LAC,L,240,32,80,0.4,4,33,0.121,17,20,0.85,13,43,56,24,4,2,20,19,85,-2,1
1216,22021,1610612742,DAL,Dallas Mavericks,0022100622,2022-01-12,DAL @ NYK,L,240,32,78,0.41,8,37,0.216,13,19,0.684,5,34,39,16,6,2,13,18,85,-23,1
1217,22021,1610612752,NYK,New York Knicks,0022100622,2022-01-12,NYK vs. DAL,W,240,42,90,0.467,12,27,0.444,12,15,0.8,11,43,54,24,5,4,9,21,108,23,1
1218,22021,1610612753,ORL,Orlando Magic,0022100620,2022-01-12,ORL @ WAS,L,240,41,99,0.414,11,35,0.314,13,16,0.813,18,31,49,31,6,6,9,16,106,-6,1
1219,22021,1610612764,WAS,Washington Wizards,0022100620,2022-01-12,WAS vs. ORL,W,240,43,82,0.524,10,31,0.323,16,21,0.762,6,36,42,26,6,4,10,14,112,6,1
1220,22021,1610612738,BOS,Boston Celtics,0022100618,2022-01-12,BOS @ IND,W,240,40,78,0.513,18,38,0.474,21,25,0.84,7,30,37,23,6,5,13,22,119,19,1
1221,22021,1610612754,IND,Indiana Pacers,0022100618,2022-01-12,IND vs. BOS,L,240,40,86,0.465,7,36,0.194,13,20,0.65,11,26,37,27,6,5,12,24,100,-19,1
1222,22021,1610612766,CHA,Charlotte Hornets,0022100619,2022-01-12,CHA @ PHI,W,240,46,89,0.517,10,34,0.294,7,8,0.875,7,35,42,29,9,3,12,21,109,11,1
1223,22021,1610612755,PHI,Philadelphia 76ers,0022100619,2022-01-12,PHI vs. CHA,L,240,34,73,0.466,12,30,0.4,18,28,0.643,3,30,33,18,3,3,17,13,98,-11,1
1224,22021,1610612748,MIA,Miami Heat,0022100621,2022-01-12,MIA @ ATL,W,240,43,90,0.478,16,45,0.356,13,14,0.929,10,44,54,28,7,4,15,20,115,24,1
1225,22021,1610612737,ATL,Atlanta Hawks,0022100621,2022-01-12,ATL vs. MIA,L,240,31,82,0.378,13,45,0.289,16,23,0.696,6,31,37,20,8,3,14,15,91,-24,1
1226,22021,1610612745,HOU,Houston Rockets,0022100623,2022-01-12,HOU @ SAS,W,240,45,82,0.549,16,36,0.444,22,32,0.688,4,44,48,23,5,7,14,24,128,4,1
1227,22021,1610612759,SAS,San Antonio Spurs,0022100623,2022-01-12,SAS vs. HOU,L,240,43,99,0.434,17,46,0.37,21,27,0.778,9,34,43,27,10,5,9,24,124,-4,1
1228,22021,1610612762,UTA,Utah Jazz,0022100624,2022-01-12,UTA vs. CLE,L,240,34,85,0.4,16,47,0.34,7,11,0.636,4,28,32,11,7,2,7,16,91,-20,1
1229,22021,1610612739,CLE,Cleveland Cavaliers,0022100624,2022-01-12,CLE @ UTA,W,240,43,81,0.531,11,30,0.367,14,17,0.824,7,43,50,28,6,3,15,17,111,20,1
1230,22021,1610612747,LAL,Los Angeles Lakers,0022100626,2022-01-12,LAL @ SAC,L,240,42,98,0.429,16,47,0.34,16,24,0.667,15,30,45,25,6,3,9,19,116,-9,1
1231,22021,1610612758,SAC,Sacramento Kings,0022100626,2022-01-12,SAC vs. LAL,W,240,49,89,0.551,11,30,0.367,16,19,0.842,8,37,45,28,8,7,13,20,125,9,1
1232,22021,1610612741,CHI,Chicago Bulls,0022100625,2022-01-12,CHI vs. BKN,L,240,38,81,0.469,11,30,0.367,25,31,0.806,10,25,35,22,5,6,17,20,112,-26,1
1233,22021,1610612751,BKN,Brooklyn Nets,0022100625,2022-01-12,BKN @ CHI,W,240,49,87,0.563,17,32,0.531,23,28,0.821,7,34,41,35,11,4,10,21,138,26,1
1234,22021,1610612743,DEN,Denver Nuggets,0022100631,2022-01-13,DEN vs. POR,W,240,52,83,0.627,21,42,0.5,15,20,0.75,6,34,40,35,7,3,16,25,140,32,1
1235,22021,1610612757,POR,Portland Trail Blazers,0022100631,2022-01-13,POR @ DEN,L,240,39,86,0.453,13,40,0.325,17,28,0.607,11,23,34,28,11,5,15,18,108,-32,1
1236,22021,1610612749,MIL,Milwaukee Bucks,0022100627,2022-01-13,MIL vs. GSW,W,240,44,86,0.512,18,41,0.439,12,18,0.667,5,49,54,29,10,7,17,16,118,19,1
1237,22021,1610612744,GSW,Golden State Warriors,0022100627,2022-01-13,GSW @ MIL,L,240,33,95,0.347,16,48,0.333,17,24,0.708,12,37,49,20,9,2,15,15,99,-19,1
1238,22021,1610612740,NOP,New Orleans Pelicans,0022100629,2022-01-13,NOP vs. LAC,W,240,43,97,0.443,14,39,0.359,13,16,0.813,13,44,57,23,8,4,6,18,113,24,1
1239,22021,1610612746,LAC,LA Clippers,0022100629,2022-01-13,LAC @ NOP,L,240,31,81,0.383,10,34,0.294,17,20,0.85,5,41,46,19,2,7,15,16,89,-24,1
1240,22021,1610612750,MIN,Minnesota Timberwolves,0022100628,2022-01-13,MIN @ MEM,L,240,41,96,0.427,15,48,0.313,11,14,0.786,12,34,46,23,4,8,18,26,108,-8,1
1241,22021,1610612763,MEM,Memphis Grizzlies,0022100628,2022-01-13,MEM vs. MIN,W,240,42,92,0.457,8,32,0.25,24,35,0.686,16,40,56,22,10,7,14,15,116,8,1
1242,22021,1610612751,BKN,Brooklyn Nets,0022100630,2022-01-13,BKN vs. OKC,L,240,41,98,0.418,7,32,0.219,20,22,0.909,21,29,50,16,7,11,12,19,109,-21,1
1243,22021,1610612760,OKC,Oklahoma City Thunder,0022100630,2022-01-13,OKC @ BKN,W,240,47,91,0.516,20,45,0.444,16,18,0.889,9,29,38,32,8,7,11,19,130,21,1
1244,22021,1610612756,PHX,Phoenix Suns,0022100634,2022-01-14,PHX @ IND,W,240,40,88,0.455,11,28,0.393,21,23,0.913,12,39,51,24,8,6,15,18,112,18,1
1245,22021,1610612754,IND,Indiana Pacers,0022100634,2022-01-14,IND vs. PHX,L,240,34,88,0.386,13,43,0.302,13,18,0.722,9,33,42,20,9,7,12,20,94,-18,1
1246,22021,1610612738,BOS,Boston Celtics,0022100635,2022-01-14,BOS @ PHI,L,240,37,78,0.474,11,31,0.355,14,18,0.778,7,37,44,20,4,4,20,21,99,-12,1
1247,22021,1610612755,PHI,Philadelphia 76ers,0022100635,2022-01-14,PHI vs. BOS,W,240,38,85,0.447,14,41,0.341,21,25,0.84,7,33,40,26,12,4,10,19,111,12,1
1248,22021,1610612765,DET,Detroit Pistons,0022100633,2022-01-14,DET vs. TOR,W,240,38,81,0.469,8,27,0.296,19,23,0.826,9,34,43,22,7,6,8,25,103,16,1
1249,22021,1610612761,TOR,Toronto Raptors,0022100633,2022-01-14,TOR @ DET,L,240,28,87,0.322,11,38,0.289,20,26,0.769,16,30,46,18,5,4,11,24,87,-16,1
1250,22021,1610612753,ORL,Orlando Magic,0022100632,2022-01-14,ORL @ CHA,W,240,45,87,0.517,15,45,0.333,11,15,0.733,4,39,43,32,9,4,20,18,116,7,1
1251,22021,1610612766,CHA,Charlotte Hornets,0022100632,2022-01-14,CHA vs. ORL,L,240,40,97,0.412,12,42,0.286,17,21,0.81,11,33,44,28,9,5,17,20,109,-7,1
1252,22021,1610612741,CHI,Chicago Bulls,0022100637,2022-01-14,CHI vs. GSW,L,240,37,87,0.425,10,38,0.263,12,18,0.667,10,26,36,26,4,5,14,19,96,-42,1
1253,22021,1610612744,GSW,Golden State Warriors,0022100637,2022-01-14,GSW @ CHI,W,240,53,94,0.564,19,42,0.452,13,17,0.765,9,38,47,39,12,5,7,17,138,42,1
1254,22021,1610612737,ATL,Atlanta Hawks,0022100636,2022-01-14,ATL @ MIA,L,240,38,79,0.481,16,38,0.421,26,30,0.867,9,25,34,26,6,6,16,27,118,-6,1
1255,22021,1610612748,MIA,Miami Heat,0022100636,2022-01-14,MIA vs. ATL,W,240,41,77,0.532,14,30,0.467,28,30,0.933,9,28,37,30,6,5,16,27,124,6,1
1256,22021,1610612739,CLE,Cleveland Cavaliers,0022100638,2022-01-14,CLE @ SAS,W,240,46,95,0.484,8,20,0.4,14,24,0.583,12,34,46,24,7,3,9,13,114,5,1
1257,22021,1610612759,SAS,San Antonio Spurs,0022100638,2022-01-14,SAS vs. CLE,L,240,42,92,0.457,15,34,0.441,10,13,0.769,10,37,47,22,6,5,15,24,109,-5,1
1258,22021,1610612742,DAL,Dallas Mavericks,0022100639,2022-01-14,DAL @ MEM,W,240,47,91,0.516,8,32,0.25,10,16,0.625,8,44,52,30,8,1,15,19,112,27,1
1259,22021,1610612763,MEM,Memphis Grizzlies,0022100639,2022-01-14,MEM vs. DAL,L,240,34,89,0.382,7,31,0.226,10,13,0.769,10,31,41,19,8,6,15,16,85,-27,1
1260,22021,1610612745,HOU,Houston Rockets,0022100640,2022-01-14,HOU @ SAC,L,240,44,101,0.436,13,43,0.302,13,16,0.813,13,37,50,25,7,4,17,19,114,-12,1
1261,22021,1610612758,SAC,Sacramento Kings,0022100640,2022-01-14,SAC vs. HOU,W,240,48,96,0.5,13,37,0.351,17,24,0.708,13,40,53,33,8,7,14,23,126,12,1
1262,22021,1610612761,TOR,Toronto Raptors,0022100641,2022-01-15,TOR @ MIL,W,240,40,91,0.44,12,35,0.343,11,20,0.55,16,34,50,25,7,8,15,25,103,7,1
1263,22021,1610612749,MIL,Milwaukee Bucks,0022100641,2022-01-15,MIL vs. TOR,L,240,26,77,0.338,12,39,0.308,32,35,0.914,9,32,41,19,8,8,13,23,96,-7,1
1264,22021,1610612764,WAS,Washington Wizards,0022100642,2022-01-15,WAS vs. POR,L,240,39,90,0.433,12,37,0.324,20,23,0.87,10,33,43,20,4,3,20,26,110,-5,1
1265,22021,1610612757,POR,Portland Trail Blazers,0022100642,2022-01-15,POR @ WAS,W,240,39,85,0.459,13,39,0.333,24,35,0.686,8,31,39,19,13,2,13,25,115,5,1
1266,22021,1610612751,BKN,Brooklyn Nets,0022100644,2022-01-15,BKN vs. NOP,W,240,46,84,0.548,12,27,0.444,16,17,0.941,9,35,44,30,5,5,16,21,120,15,1
1267,22021,1610612740,NOP,New Orleans Pelicans,0022100644,2022-01-15,NOP @ BKN,L,240,40,87,0.46,9,31,0.29,16,24,0.667,12,23,35,27,9,3,12,18,105,-15,1
1268,22021,1610612737,ATL,Atlanta Hawks,0022100643,2022-01-15,ATL vs. NYK,L,240,40,80,0.5,16,44,0.364,12,17,0.706,4,27,31,23,5,5,9,20,108,-9,1
1269,22021,1610612752,NYK,New York Knicks,0022100643,2022-01-15,NYK @ ATL,W,240,42,83,0.506,13,31,0.419,20,26,0.769,11,33,44,24,2,0,11,20,117,9,1
1270,22021,1610612739,CLE,Cleveland Cavaliers,0022100646,2022-01-15,CLE @ OKC,W,240,40,87,0.46,9,35,0.257,18,25,0.72,11,26,37,28,6,4,9,13,107,5,1
1271,22021,1610612760,OKC,Oklahoma City Thunder,0022100646,2022-01-15,OKC vs. CLE,L,240,36,83,0.434,10,27,0.37,20,22,0.909,14,37,51,17,4,5,16,21,102,-5,1
1272,22021,1610612748,MIA,Miami Heat,0022100645,2022-01-15,MIA vs. PHI,L,240,33,86,0.384,9,35,0.257,23,30,0.767,12,31,43,24,10,4,10,18,98,-11,1
1273,22021,1610612755,PHI,Philadelphia 76ers,0022100645,2022-01-15,PHI @ MIA,W,240,40,79,0.506,13,32,0.406,16,21,0.762,6,37,43,24,5,5,15,22,109,11,1
1274,22021,1610612759,SAS,San Antonio Spurs,0022100648,2022-01-15,SAS vs. LAC,W,240,34,83,0.41,11,37,0.297,22,27,0.815,15,39,54,19,6,5,15,12,101,7,1
1275,22021,1610612746,LAC,LA Clippers,0022100648,2022-01-15,LAC @ SAS,L,240,38,100,0.38,12,38,0.316,6,8,0.75,21,33,54,24,8,4,15,21,94,-7,1
1276,22021,1610612738,BOS,Boston Celtics,0022100647,2022-01-15,BOS vs. CHI,W,240,44,90,0.489,9,26,0.346,17,19,0.895,17,33,50,27,6,6,11,15,114,2,1
1277,22021,1610612741,CHI,Chicago Bulls,0022100647,2022-01-15,CHI @ BOS,L,240,44,87,0.506,12,29,0.414,12,15,0.8,7,25,32,31,3,3,6,19,112,-2,1
1278,22021,1610612747,LAL,Los Angeles Lakers,0022100649,2022-01-15,LAL @ DEN,L,240,36,82,0.439,10,30,0.333,14,19,0.737,8,33,41,21,4,3,11,15,96,-37,1
1279,22021,1610612743,DEN,Denver Nuggets,0022100649,2022-01-15,DEN vs. LAL,W,240,47,91,0.516,23,40,0.575,16,17,0.941,9,42,51,35,9,2,6,17,133,37,1
1280,22021,1610612742,DAL,Dallas Mavericks,0022100650,2022-01-15,DAL vs. ORL,W,240,32,78,0.41,12,34,0.353,32,38,0.842,12,35,47,16,6,3,10,18,108,16,1
1281,22021,1610612753,ORL,Orlando Magic,0022100650,2022-01-15,ORL @ DAL,L,240,37,77,0.481,7,26,0.269,11,16,0.688,5,32,37,16,7,3,17,26,92,-16,1
1282,22021,1610612765,DET,Detroit Pistons,0022100617,2022-01-16,DET vs. PHX,L,240,38,82,0.463,9,25,0.36,23,34,0.676,5,27,32,25,6,2,11,20,108,-27,1
1283,22021,1610612756,PHX,Phoenix Suns,0022100617,2022-01-16,PHX @ DET,W,240,51,87,0.586,11,27,0.407,22,30,0.733,11,40,51,30,4,7,15,26,135,27,1
1284,22021,1610612758,SAC,Sacramento Kings,0022100651,2022-01-16,SAC vs. HOU,L,240,41,91,0.451,12,38,0.316,18,24,0.75,7,30,37,26,16,2,12,24,112,-6,1
1285,22021,1610612745,HOU,Houston Rockets,0022100651,2022-01-16,HOU @ SAC,W,240,41,76,0.539,16,40,0.4,20,24,0.833,4,43,47,22,6,3,23,20,118,6,1
1286,22021,1610612762,UTA,Utah Jazz,0022100653,2022-01-16,UTA @ DEN,W,240,44,84,0.524,15,39,0.385,22,29,0.759,9,42,51,26,8,5,9,16,125,23,1
1287,22021,1610612743,DEN,Denver Nuggets,0022100653,2022-01-16,DEN vs. UTA,L,240,42,95,0.442,11,43,0.256,7,8,0.875,6,33,39,32,5,2,9,22,102,-23,1
1288,22021,1610612744,GSW,Golden State Warriors,0022100652,2022-01-16,GSW @ MIN,L,240,32,82,0.39,13,42,0.31,22,29,0.759,7,40,47,20,6,3,15,17,99,-20,1
1289,22021,1610612750,MIN,Minnesota Timberwolves,0022100652,2022-01-16,MIN vs. GSW,W,240,45,91,0.495,16,43,0.372,13,20,0.65,6,41,47,30,8,9,16,21,119,20,1
1290,22021,1610612755,PHI,Philadelphia 76ers,0022100656,2022-01-17,PHI @ WAS,L,240,35,86,0.407,7,26,0.269,21,25,0.84,10,32,42,19,9,3,12,26,98,-19,1
1291,22021,1610612764,WAS,Washington Wizards,0022100656,2022-01-17,WAS vs. PHI,W,240,42,87,0.483,9,30,0.3,24,32,0.75,9,40,49,25,7,6,12,18,117,19,1
1292,22021,1610612747,LAL,Los Angeles Lakers,0022100665,2022-01-17,LAL vs. UTA,W,240,38,86,0.442,11,37,0.297,14,23,0.609,10,35,45,15,7,5,13,19,101,6,1
1293,22021,1610612762,UTA,Utah Jazz,0022100665,2022-01-17,UTA @ LAL,L,240,31,83,0.373,12,46,0.261,21,24,0.875,8,36,44,21,6,6,16,21,95,-6,1
1294,22021,1610612751,BKN,Brooklyn Nets,0022100657,2022-01-17,BKN @ CLE,L,240,41,83,0.494,12,30,0.4,13,18,0.722,8,27,35,27,11,4,14,22,107,-7,1
1295,22021,1610612739,CLE,Cleveland Cavaliers,0022100657,2022-01-17,CLE vs. BKN,W,240,42,81,0.519,11,32,0.344,19,21,0.905,8,32,40,26,7,3,16,14,114,7,1
1296,22021,1610612746,LAC,LA Clippers,0022100659,2022-01-17,LAC vs. IND,W,240,45,82,0.549,18,36,0.5,31,36,0.861,8,29,37,32,7,7,13,18,139,6,1
1297,22021,1610612754,IND,Indiana Pacers,0022100659,2022-01-17,IND @ LAC,L,240,50,97,0.515,13,33,0.394,20,23,0.87,15,26,41,30,8,4,12,23,133,-6,1
1298,22021,1610612741,CHI,Chicago Bulls,0022100658,2022-01-17,CHI @ MEM,L,240,40,92,0.435,13,31,0.419,13,15,0.867,9,34,43,24,10,7,18,15,106,-13,1
1299,22021,1610612763,MEM,Memphis Grizzlies,0022100658,2022-01-17,MEM vs. CHI,W,240,47,92,0.511,10,25,0.4,15,20,0.75,10,38,48,29,14,7,18,13,119,13,1
1300,22021,1610612749,MIL,Milwaukee Bucks,0022100660,2022-01-17,MIL @ ATL,L,240,39,88,0.443,16,38,0.421,20,24,0.833,9,33,42,21,8,4,13,28,114,-7,1
1301,22021,1610612737,ATL,Atlanta Hawks,0022100660,2022-01-17,ATL vs. MIL,W,240,38,86,0.442,15,36,0.417,30,32,0.938,10,36,46,25,7,8,13,18,121,7,1
1302,22021,1610612740,NOP,New Orleans Pelicans,0022100654,2022-01-17,NOP @ BOS,L,240,36,87,0.414,9,30,0.3,11,18,0.611,8,33,41,23,10,4,12,15,92,-12,1
1303,22021,1610612738,BOS,Boston Celtics,0022100654,2022-01-17,BOS vs. NOP,W,240,38,80,0.475,10,32,0.313,18,20,0.9,5,42,47,22,6,4,14,18,104,12,1
1304,22021,1610612752,NYK,New York Knicks,0022100655,2022-01-17,NYK vs. CHA,L,240,32,80,0.4,12,34,0.353,11,21,0.524,14,39,53,22,7,4,15,19,87,-10,1
1305,22021,1610612766,CHA,Charlotte Hornets,0022100655,2022-01-17,CHA @ NYK,W,240,36,86,0.419,14,39,0.359,11,17,0.647,6,33,39,23,6,2,7,14,97,10,1
1306,22021,1610612753,ORL,Orlando Magic,0022100661,2022-01-17,ORL vs. POR,L,240,34,90,0.378,8,32,0.25,12,20,0.6,10,40,50,21,9,7,16,15,88,-10,1
1307,22021,1610612757,POR,Portland Trail Blazers,0022100661,2022-01-17,POR @ ORL,W,240,37,90,0.411,7,34,0.206,17,18,0.944,11,44,55,20,9,8,17,17,98,10,1
1308,22021,1610612748,MIA,Miami Heat,0022100662,2022-01-17,MIA vs. TOR,W,240,38,83,0.458,9,24,0.375,19,22,0.864,13,36,49,20,11,8,12,18,104,5,1
1309,22021,1610612761,TOR,Toronto Raptors,0022100662,2022-01-17,TOR @ MIA,L,240,37,90,0.411,13,36,0.361,12,17,0.706,15,30,45,24,9,5,12,21,99,-5,1
1310,22021,1610612756,PHX,Phoenix Suns,0022100664,2022-01-17,PHX @ SAS,W,240,49,95,0.516,9,32,0.281,14,20,0.7,12,33,45,29,9,5,5,18,121,14,1
1311,22021,1610612759,SAS,San Antonio Spurs,0022100664,2022-01-17,SAS vs. PHX,L,240,41,92,0.446,9,30,0.3,16,22,0.727,13,34,47,21,3,2,12,16,107,-14,1
1312,22021,1610612742,DAL,Dallas Mavericks,0022100663,2022-01-17,DAL vs. OKC,W,240,35,88,0.398,12,37,0.324,22,28,0.786,11,36,47,28,10,7,11,19,104,2,1
1313,22021,1610612760,OKC,Oklahoma City Thunder,0022100663,2022-01-17,OKC @ DAL,L,240,36,83,0.434,11,35,0.314,19,24,0.792,5,37,42,20,10,2,13,23,102,-2,1
1314,22021,1610612750,MIN,Minnesota Timberwolves,0022100666,2022-01-18,MIN @ NYK,W,240,35,81,0.432,13,41,0.317,29,38,0.763,8,30,38,21,10,6,13,25,112,2,1
1315,22021,1610612752,NYK,New York Knicks,0022100666,2022-01-18,NYK vs. MIN,L,240,37,80,0.463,12,38,0.316,24,33,0.727,11,33,44,21,6,7,18,30,110,-2,1
1316,22021,1610612765,DET,Detroit Pistons,0022100667,2022-01-18,DET @ GSW,L,240,30,85,0.353,9,34,0.265,17,24,0.708,11,39,50,18,4,5,16,23,86,-16,1
1317,22021,1610612744,GSW,Golden State Warriors,0022100667,2022-01-18,GSW vs. DET,W,240,34,83,0.41,14,42,0.333,20,27,0.741,13,41,54,26,12,3,13,25,102,16,1
1318,22021,1610612763,MEM,Memphis Grizzlies,0022100674,2022-01-19,MEM @ MIL,L,240,44,106,0.415,9,40,0.225,17,25,0.68,16,31,47,26,10,8,10,20,114,-12,1
1319,22021,1610612749,MIL,Milwaukee Bucks,0022100674,2022-01-19,MIL vs. MEM,W,240,46,97,0.474,13,37,0.351,21,22,0.955,13,43,56,29,7,6,15,21,126,12,1
1320,22021,1610612753,ORL,Orlando Magic,0022100668,2022-01-19,ORL @ PHI,L,240,40,90,0.444,18,35,0.514,12,16,0.75,9,34,43,26,4,4,11,19,110,-13,1
1321,22021,1610612755,PHI,Philadelphia 76ers,0022100668,2022-01-19,PHI vs. ORL,W,240,45,83,0.542,10,28,0.357,23,27,0.852,6,38,44,21,7,8,10,15,123,13,1
1322,22021,1610612764,WAS,Washington Wizards,0022100669,2022-01-19,WAS vs. BKN,L,240,41,86,0.477,10,29,0.345,26,32,0.813,13,27,40,23,6,8,13,19,118,-1,1
1323,22021,1610612751,BKN,Brooklyn Nets,0022100669,2022-01-19,BKN @ WAS,W,240,47,89,0.528,8,25,0.32,17,20,0.85,7,29,36,23,5,4,15,25,119,1,1
1324,22021,1610612757,POR,Portland Trail Blazers,0022100672,2022-01-19,POR @ MIA,L,240,33,81,0.407,14,46,0.304,12,16,0.75,10,33,43,19,7,6,18,22,92,-12,1
1325,22021,1610612748,MIA,Miami Heat,0022100672,2022-01-19,MIA vs. POR,W,240,37,80,0.463,12,35,0.343,18,25,0.72,9,34,43,24,12,6,16,15,104,12,1
1326,22021,1610612766,CHA,Charlotte Hornets,0022100671,2022-01-19,CHA @ BOS,W,240,42,86,0.488,16,39,0.41,11,15,0.733,11,36,47,27,6,6,17,17,111,9,1
1327,22021,1610612738,BOS,Boston Celtics,0022100671,2022-01-19,BOS vs. CHA,L,240,39,90,0.433,14,46,0.304,10,13,0.769,8,30,38,27,8,3,14,20,102,-9,1
1328,22021,1610612750,MIN,Minnesota Timberwolves,0022100670,2022-01-19,MIN @ ATL,L,240,42,97,0.433,17,46,0.37,21,29,0.724,16,29,45,21,10,3,13,24,122,-12,1
1329,22021,1610612737,ATL,Atlanta Hawks,0022100670,2022-01-19,ATL vs. MIN,W,240,45,86,0.523,15,38,0.395,29,33,0.879,8,31,39,34,7,9,12,23,134,12,1
1330,22021,1610612741,CHI,Chicago Bulls,0022100673,2022-01-19,CHI vs. CLE,W,240,47,86,0.547,10,22,0.455,13,18,0.722,7,30,37,25,7,4,10,18,117,13,1
1331,22021,1610612739,CLE,Cleveland Cavaliers,0022100673,2022-01-19,CLE @ CHI,L,240,40,77,0.519,9,27,0.333,15,22,0.682,9,29,38,27,7,4,15,15,104,-13,1
1332,22021,1610612759,SAS,San Antonio Spurs,0022100676,2022-01-19,SAS vs. OKC,W,240,47,96,0.49,15,40,0.375,9,14,0.643,11,39,50,32,9,13,9,17,118,22,1
1333,22021,1610612760,OKC,Oklahoma City Thunder,0022100676,2022-01-19,OKC @ SAS,L,240,38,98,0.388,8,31,0.258,12,15,0.8,14,32,46,20,5,2,15,14,96,-22,1
1334,22021,1610612742,DAL,Dallas Mavericks,0022100675,2022-01-19,DAL vs. TOR,W,240,37,76,0.487,9,33,0.273,19,20,0.95,10,35,45,23,5,0,18,20,102,4,1
1335,22021,1610612761,TOR,Toronto Raptors,0022100675,2022-01-19,TOR @ DAL,L,240,35,91,0.385,8,32,0.25,20,25,0.8,16,28,44,17,11,1,12,21,98,-4,1
1336,22021,1610612745,HOU,Houston Rockets,0022100677,2022-01-19,HOU @ UTA,W,240,41,96,0.427,22,45,0.489,12,17,0.706,12,32,44,24,4,3,9,18,116,5,1
1337,22021,1610612762,UTA,Utah Jazz,0022100677,2022-01-19,UTA vs. HOU,L,240,42,89,0.472,10,38,0.263,17,20,0.85,11,38,49,26,7,5,9,16,111,-5,1
1338,22021,1610612758,SAC,Sacramento Kings,0022100679,2022-01-19,SAC vs. DET,L,240,44,84,0.524,12,27,0.444,31,44,0.705,8,27,35,22,4,8,7,17,131,-2,1
1339,22021,1610612765,DET,Detroit Pistons,0022100679,2022-01-19,DET @ SAC,W,240,46,91,0.505,15,36,0.417,26,30,0.867,13,28,41,27,3,6,9,26,133,2,1
1340,22021,1610612743,DEN,Denver Nuggets,0022100678,2022-01-19,DEN vs. LAC,W,265,48,98,0.49,13,38,0.342,21,25,0.84,13,31,44,32,9,3,12,15,130,2,1
1341,22021,1610612746,LAC,LA Clippers,0022100678,2022-01-19,LAC @ DEN,L,265,52,97,0.536,15,39,0.385,9,12,0.75,12,35,47,35,6,3,14,24,128,-2,1
1342,22021,1610612754,IND,Indiana Pacers,0022100680,2022-01-19,IND @ LAL,W,240,44,90,0.489,11,30,0.367,12,15,0.8,14,34,48,28,6,8,13,22,111,7,1
1343,22021,1610612747,LAL,Los Angeles Lakers,0022100680,2022-01-19,LAL vs. IND,L,240,40,90,0.444,11,34,0.324,13,18,0.722,12,28,40,23,4,7,11,18,104,-7,1
1344,22021,1610612740,NOP,New Orleans Pelicans,0022100681,2022-01-20,NOP @ NYK,W,240,38,76,0.5,11,28,0.393,15,22,0.682,3,32,35,27,10,2,12,26,102,11,1
1345,22021,1610612752,NYK,New York Knicks,0022100681,2022-01-20,NYK vs. NOP,L,240,29,77,0.377,9,38,0.237,24,36,0.667,14,34,48,21,6,5,15,21,91,-11,1
1346,22021,1610612756,PHX,Phoenix Suns,0022100682,2022-01-20,PHX @ DAL,W,240,39,86,0.453,8,36,0.222,23,25,0.92,5,35,40,25,13,1,7,21,109,8,1
1347,22021,1610612742,DAL,Dallas Mavericks,0022100682,2022-01-20,DAL vs. PHX,L,240,37,85,0.435,11,37,0.297,16,20,0.8,10,40,50,19,1,3,19,22,101,-8,1
1348,22021,1610612754,IND,Indiana Pacers,0022100683,2022-01-20,IND @ GSW,W,265,41,95,0.432,15,35,0.429,24,34,0.706,13,35,48,23,12,3,18,23,121,4,1
1349,22021,1610612744,GSW,Golden State Warriors,0022100683,2022-01-20,GSW vs. IND,L,265,42,94,0.447,9,42,0.214,24,29,0.828,15,38,53,28,11,6,21,28,117,-4,1
1350,22021,1610612737,ATL,Atlanta Hawks,0022100687,2022-01-21,ATL vs. MIA,W,240,38,68,0.559,14,33,0.424,20,24,0.833,6,30,36,26,3,1,18,17,110,2,1
1351,22021,1610612748,MIA,Miami Heat,0022100687,2022-01-21,MIA @ ATL,L,240,41,85,0.482,15,40,0.375,11,12,0.917,11,22,33,30,8,1,15,22,108,-2,1
1352,22021,1610612757,POR,Portland Trail Blazers,0022100688,2022-01-21,POR @ BOS,W,240,36,76,0.474,16,33,0.485,21,30,0.7,7,35,42,20,6,4,13,21,109,4,1
1353,22021,1610612738,BOS,Boston Celtics,0022100688,2022-01-21,BOS vs. POR,L,240,37,82,0.451,11,37,0.297,20,23,0.87,8,34,42,25,7,7,12,24,105,-4,1
1354,22021,1610612764,WAS,Washington Wizards,0022100689,2022-01-21,WAS vs. TOR,L,240,43,85,0.506,11,33,0.333,8,10,0.8,11,34,45,29,3,3,18,16,105,-4,1
1355,22021,1610612761,TOR,Toronto Raptors,0022100689,2022-01-21,TOR @ WAS,W,240,42,90,0.467,11,30,0.367,14,17,0.824,11,29,40,20,10,4,8,15,109,4,1
1356,22021,1610612749,MIL,Milwaukee Bucks,0022100690,2022-01-21,MIL vs. CHI,W,240,34,88,0.386,6,31,0.194,20,28,0.714,11,42,53,20,3,3,8,17,94,4,1
1357,22021,1610612741,CHI,Chicago Bulls,0022100690,2022-01-21,CHI @ MIL,L,240,31,85,0.365,7,38,0.184,21,24,0.875,6,43,49,21,4,4,10,21,90,-4,1
1358,22021,1610612745,HOU,Houston Rockets,0022100694,2022-01-21,HOU @ GSW,L,240,38,89,0.427,10,35,0.286,17,20,0.85,8,31,39,25,10,3,12,15,103,-2,1
1359,22021,1610612744,GSW,Golden State Warriors,0022100694,2022-01-21,GSW vs. HOU,W,240,39,81,0.481,10,30,0.333,17,22,0.773,7,34,41,25,4,9,19,18,105,2,1
1360,22021,1610612766,CHA,Charlotte Hornets,0022100684,2022-01-21,CHA vs. OKC,W,240,45,99,0.455,17,49,0.347,14,20,0.7,16,46,62,34,8,5,12,18,121,23,1
1361,22021,1610612760,OKC,Oklahoma City Thunder,0022100684,2022-01-21,OKC @ CHA,L,240,37,98,0.378,12,44,0.273,12,15,0.8,15,37,52,20,6,2,12,21,98,-23,1
1362,22021,1610612746,LAC,LA Clippers,0022100686,2022-01-21,LAC @ PHI,W,240,40,87,0.46,11,32,0.344,11,15,0.733,10,39,49,21,5,0,12,21,102,1,1
1363,22021,1610612755,PHI,Philadelphia 76ers,0022100686,2022-01-21,PHI vs. LAC,L,240,38,91,0.418,10,28,0.357,15,21,0.714,13,31,44,23,7,3,7,17,101,-1,1
1364,22021,1610612759,SAS,San Antonio Spurs,0022100691,2022-01-21,SAS vs. BKN,L,240,37,95,0.389,8,29,0.276,20,24,0.833,16,33,49,24,3,7,6,13,102,-15,1
1365,22021,1610612751,BKN,Brooklyn Nets,0022100691,2022-01-21,BKN @ SAS,W,240,48,100,0.48,9,25,0.36,12,12,1.0,12,41,53,24,3,5,8,17,117,15,1
1366,22021,1610612753,ORL,Orlando Magic,0022100685,2022-01-21,ORL vs. LAL,L,240,36,81,0.444,11,40,0.275,22,29,0.759,3,32,35,23,6,9,18,21,105,-11,1
1367,22021,1610612747,LAL,Los Angeles Lakers,0022100685,2022-01-21,LAL @ ORL,W,240,42,85,0.494,13,30,0.433,19,23,0.826,8,37,45,23,12,4,19,24,116,11,1
1368,22021,1610612743,DEN,Denver Nuggets,0022100692,2022-01-21,DEN vs. MEM,L,240,43,91,0.473,13,32,0.406,19,23,0.826,10,27,37,34,6,6,13,25,118,-4,1
1369,22021,1610612763,MEM,Memphis Grizzlies,0022100692,2022-01-21,MEM @ DEN,W,240,43,82,0.524,11,25,0.44,25,40,0.625,13,35,48,19,11,10,16,24,122,4,1
1370,22021,1610612765,DET,Detroit Pistons,0022100693,2022-01-21,DET @ UTA,L,240,38,87,0.437,13,32,0.406,12,16,0.75,9,31,40,22,6,4,11,24,101,-10,1
1371,22021,1610612762,UTA,Utah Jazz,0022100693,2022-01-21,UTA vs. DET,W,240,36,79,0.456,10,31,0.323,29,34,0.853,7,37,44,22,3,7,11,21,111,10,1
1372,22021,1610612749,MIL,Milwaukee Bucks,0022100696,2022-01-22,MIL vs. SAC,W,240,45,91,0.495,21,42,0.5,22,25,0.88,9,34,43,19,12,0,7,14,133,6,1
1373,22021,1610612758,SAC,Sacramento Kings,0022100696,2022-01-22,SAC @ MIL,L,240,51,97,0.526,15,37,0.405,10,16,0.625,13,35,48,29,4,2,14,20,127,-6,1
1374,22021,1610612739,CLE,Cleveland Cavaliers,0022100695,2022-01-22,CLE vs. OKC,W,240,35,76,0.461,6,27,0.222,18,35,0.514,15,39,54,22,5,6,23,20,94,7,1
1375,22021,1610612760,OKC,Oklahoma City Thunder,0022100695,2022-01-22,OKC @ CLE,L,240,33,85,0.388,12,41,0.293,9,16,0.563,11,30,41,16,14,3,15,28,87,-7,1
1376,22021,1610612754,IND,Indiana Pacers,0022100697,2022-01-22,IND @ PHX,L,240,37,84,0.44,10,29,0.345,19,27,0.704,12,32,44,19,5,5,18,18,103,-10,1
1377,22021,1610612756,PHX,Phoenix Suns,0022100697,2022-01-22,PHX vs. IND,W,240,47,96,0.49,7,25,0.28,12,14,0.857,14,37,51,34,11,8,11,19,113,10,1
1378,22021,1610612752,NYK,New York Knicks,0022100698,2022-01-23,NYK vs. LAC,W,240,39,91,0.429,16,36,0.444,16,19,0.842,15,37,52,26,6,4,13,22,110,8,1
1379,22021,1610612746,LAC,LA Clippers,0022100698,2022-01-23,LAC @ NYK,L,240,34,79,0.43,14,41,0.341,20,30,0.667,6,34,40,20,7,6,12,19,102,-8,1
1380,22021,1610612738,BOS,Boston Celtics,0022100699,2022-01-23,BOS @ WAS,W,240,40,90,0.444,19,39,0.487,17,21,0.81,11,46,57,26,5,3,13,16,116,29,1
1381,22021,1610612764,WAS,Washington Wizards,0022100699,2022-01-23,WAS vs. BOS,L,240,33,93,0.355,8,34,0.235,13,16,0.813,9,35,44,20,8,6,7,14,87,-29,1
1382,22021,1610612761,TOR,Toronto Raptors,0022100702,2022-01-23,TOR vs. POR,L,240,39,98,0.398,18,54,0.333,9,14,0.643,15,28,43,28,15,8,16,18,105,-9,1
1383,22021,1610612757,POR,Portland Trail Blazers,0022100702,2022-01-23,POR @ TOR,W,240,45,85,0.529,18,32,0.563,6,13,0.462,10,37,47,31,8,7,22,17,114,9,1
1384,22021,1610612741,CHI,Chicago Bulls,0022100701,2022-01-23,CHI @ ORL,L,240,33,76,0.434,5,21,0.238,24,32,0.75,11,33,44,10,3,4,22,22,95,-19,1
1385,22021,1610612753,ORL,Orlando Magic,0022100701,2022-01-23,ORL vs. CHI,W,240,42,80,0.525,12,26,0.462,18,23,0.783,3,32,35,31,7,8,14,25,114,19,1
1386,22021,1610612748,MIA,Miami Heat,0022100700,2022-01-23,MIA vs. LAL,W,240,40,81,0.494,15,33,0.455,18,20,0.9,6,33,39,31,9,3,16,31,113,6,1
1387,22021,1610612747,LAL,Los Angeles Lakers,0022100700,2022-01-23,LAL @ MIA,L,240,36,79,0.456,11,40,0.275,24,30,0.8,7,31,38,20,7,1,18,20,107,-6,1
1388,22021,1610612755,PHI,Philadelphia 76ers,0022100704,2022-01-23,PHI @ SAS,W,240,44,92,0.478,7,16,0.438,20,23,0.87,13,34,47,22,5,3,10,19,115,6,1
1389,22021,1610612759,SAS,San Antonio Spurs,0022100704,2022-01-23,SAS vs. PHI,L,240,42,89,0.472,10,30,0.333,15,22,0.682,12,31,43,30,4,5,9,15,109,-6,1
1390,22021,1610612737,ATL,Atlanta Hawks,0022100703,2022-01-23,ATL @ CHA,W,240,40,88,0.455,15,39,0.385,18,24,0.75,7,38,45,25,12,6,10,22,113,22,1
1391,22021,1610612766,CHA,Charlotte Hornets,0022100703,2022-01-23,CHA vs. ATL,L,240,34,87,0.391,4,36,0.111,19,27,0.704,11,43,54,23,6,6,16,24,91,-22,1
1392,22021,1610612763,MEM,Memphis Grizzlies,0022100705,2022-01-23,MEM @ DAL,L,240,37,99,0.374,4,24,0.167,13,19,0.684,21,29,50,20,10,3,15,25,91,-13,1
1393,22021,1610612742,DAL,Dallas Mavericks,0022100705,2022-01-23,DAL vs. MEM,W,240,36,74,0.486,9,30,0.3,23,31,0.742,9,33,42,22,10,12,18,23,104,13,1
1394,22021,1610612751,BKN,Brooklyn Nets,0022100706,2022-01-23,BKN @ MIN,L,240,48,95,0.505,15,38,0.395,14,15,0.933,16,32,48,27,4,1,19,29,125,-11,1
1395,22021,1610612750,MIN,Minnesota Timberwolves,0022100706,2022-01-23,MIN vs. BKN,W,240,48,92,0.522,14,32,0.438,26,31,0.839,10,27,37,24,11,7,9,17,136,11,1
1396,22021,1610612743,DEN,Denver Nuggets,0022100707,2022-01-23,DEN vs. DET,W,240,44,85,0.518,12,35,0.343,17,23,0.739,8,26,34,29,8,1,13,22,117,6,1
1397,22021,1610612765,DET,Detroit Pistons,0022100707,2022-01-23,DET @ DEN,L,240,42,75,0.56,11,29,0.379,16,19,0.842,4,30,34,28,4,5,22,29,111,-6,1
1398,22021,1610612762,UTA,Utah Jazz,0022100708,2022-01-23,UTA @ GSW,L,240,31,81,0.383,11,35,0.314,19,23,0.826,17,34,51,17,7,2,12,13,92,-2,1
1399,22021,1610612744,GSW,Golden State Warriors,0022100708,2022-01-23,GSW vs. UTA,W,240,36,83,0.434,13,42,0.31,9,10,0.9,10,30,40,19,8,5,10,19,94,2,1
1400,22021,1610612760,OKC,Oklahoma City Thunder,0022100730,2022-01-24,OKC vs. CHI,L,240,38,92,0.413,16,45,0.356,18,24,0.75,10,34,44,26,9,5,11,15,110,-1,1
1401,22021,1610612741,CHI,Chicago Bulls,0022100730,2022-01-24,CHI @ OKC,W,240,41,89,0.461,15,39,0.385,14,19,0.737,10,41,51,31,7,9,19,23,111,1,1
1402,22021,1610612762,UTA,Utah Jazz,0022100713,2022-01-24,UTA @ PHX,L,240,40,81,0.494,14,31,0.452,15,22,0.682,7,31,38,16,11,3,14,15,109,-6,1
1403,22021,1610612756,PHX,Phoenix Suns,0022100713,2022-01-24,PHX vs. UTA,W,240,47,99,0.475,13,36,0.361,8,15,0.533,18,33,51,28,10,5,14,17,115,6,1
1404,22021,1610612740,NOP,New Orleans Pelicans,0022100712,2022-01-24,NOP vs. IND,W,240,41,88,0.466,6,30,0.2,29,31,0.935,12,33,45,23,7,4,12,22,117,4,1
1405,22021,1610612754,IND,Indiana Pacers,0022100712,2022-01-24,IND @ NOP,L,240,38,87,0.437,19,46,0.413,18,25,0.72,10,31,41,26,5,7,17,28,113,-4,1
1406,22021,1610612739,CLE,Cleveland Cavaliers,0022100709,2022-01-24,CLE vs. NYK,W,240,35,81,0.432,13,36,0.361,12,20,0.6,12,39,51,29,7,1,20,18,95,2,1
1407,22021,1610612752,NYK,New York Knicks,0022100709,2022-01-24,NYK @ CLE,L,240,35,84,0.417,12,38,0.316,11,21,0.524,11,34,45,21,11,1,12,19,93,-2,1
1408,22021,1610612742,DAL,Dallas Mavericks,0022100720,2022-01-25,DAL @ GSW,L,240,32,91,0.352,10,40,0.25,18,18,1.0,10,29,39,17,9,4,11,17,92,-38,1
1409,22021,1610612744,GSW,Golden State Warriors,0022100720,2022-01-25,GSW vs. DAL,W,240,49,92,0.533,17,43,0.395,15,18,0.833,12,46,58,31,8,2,14,17,130,38,1
1410,22021,1610612740,NOP,New Orleans Pelicans,0022100454,2022-01-25,NOP @ PHI,L,240,40,83,0.482,9,22,0.409,18,26,0.692,11,28,39,26,5,7,8,25,107,-10,1
1411,22021,1610612755,PHI,Philadelphia 76ers,0022100454,2022-01-25,PHI vs. NOP,W,240,39,84,0.464,10,31,0.323,29,31,0.935,14,30,44,26,4,8,11,22,117,10,1
1412,22021,1610612743,DEN,Denver Nuggets,0022100714,2022-01-25,DEN @ DET,W,240,36,84,0.429,11,32,0.344,27,31,0.871,16,40,56,25,7,1,25,17,110,5,1
1413,22021,1610612765,DET,Detroit Pistons,0022100714,2022-01-25,DET vs. DEN,L,240,41,97,0.423,12,36,0.333,11,14,0.786,9,27,36,25,14,5,9,25,105,-5,1
1414,22021,1610612761,TOR,Toronto Raptors,0022100715,2022-01-25,TOR vs. CHA,W,240,43,82,0.524,16,34,0.471,23,29,0.793,7,35,42,27,6,7,17,22,125,12,1
1415,22021,1610612766,CHA,Charlotte Hornets,0022100715,2022-01-25,CHA @ TOR,L,240,40,82,0.488,10,31,0.323,23,32,0.719,9,28,37,25,7,2,12,20,113,-12,1
1416,22021,1610612738,BOS,Boston Celtics,0022100717,2022-01-25,BOS vs. SAC,W,240,51,103,0.495,20,45,0.444,6,7,0.857,17,50,67,32,6,6,11,12,128,53,1
1417,22021,1610612758,SAC,Sacramento Kings,0022100717,2022-01-25,SAC @ BOS,L,240,29,95,0.305,6,33,0.182,11,15,0.733,15,30,45,15,7,8,12,14,75,-53,1
1418,22021,1610612746,LAC,LA Clippers,0022100716,2022-01-25,LAC @ WAS,W,240,39,94,0.415,11,29,0.379,27,31,0.871,12,36,48,28,9,5,12,29,116,1,1
1419,22021,1610612764,WAS,Washington Wizards,0022100716,2022-01-25,WAS vs. LAC,L,240,37,80,0.463,9,27,0.333,32,40,0.8,10,42,52,25,4,7,19,24,115,-1,1
1420,22021,1610612751,BKN,Brooklyn Nets,0022100718,2022-01-25,BKN vs. LAL,L,240,37,88,0.42,7,27,0.259,15,22,0.682,18,36,54,20,5,2,19,12,96,-10,1
1421,22021,1610612747,LAL,Los Angeles Lakers,0022100718,2022-01-25,LAL @ BKN,W,240,42,89,0.472,12,38,0.316,10,10,1.0,5,28,33,23,12,9,10,19,106,10,1
1422,22021,1610612759,SAS,San Antonio Spurs,0022100719,2022-01-25,SAS @ HOU,W,240,58,101,0.574,12,32,0.375,6,6,1.0,11,38,49,38,8,5,13,22,134,30,1
1423,22021,1610612745,HOU,Houston Rockets,0022100719,2022-01-25,HOU vs. SAS,L,240,39,95,0.411,9,34,0.265,17,25,0.68,18,27,45,21,8,3,17,12,104,-30,1
1424,22021,1610612757,POR,Portland Trail Blazers,0022100721,2022-01-25,POR vs. MIN,L,240,37,94,0.394,16,41,0.39,17,20,0.85,15,35,50,26,4,2,14,24,107,-2,1
1425,22021,1610612750,MIN,Minnesota Timberwolves,0022100721,2022-01-25,MIN @ POR,W,240,36,82,0.439,14,43,0.326,23,31,0.742,11,38,49,21,8,10,17,19,109,2,1
1426,22021,1610612757,POR,Portland Trail Blazers,0022100732,2022-01-26,POR vs. DAL,L,240,42,82,0.512,14,38,0.368,14,23,0.609,3,35,38,27,4,1,9,21,112,-20,1
1427,22021,1610612742,DAL,Dallas Mavericks,0022100732,2022-01-26,DAL @ POR,W,240,48,88,0.545,16,36,0.444,20,26,0.769,6,39,45,35,6,6,9,21,132,20,1
1428,22021,1610612756,PHX,Phoenix Suns,0022100731,2022-01-26,PHX @ UTA,W,240,40,82,0.488,7,18,0.389,18,27,0.667,9,35,44,14,6,7,9,20,105,8,1
1429,22021,1610612762,UTA,Utah Jazz,0022100731,2022-01-26,UTA vs. PHX,L,240,34,79,0.43,12,30,0.4,17,23,0.739,8,31,39,20,6,4,16,28,97,-8,1
1430,22021,1610612739,CLE,Cleveland Cavaliers,0022100722,2022-01-26,CLE vs. MIL,W,240,41,87,0.471,19,42,0.452,14,17,0.824,12,29,41,27,11,3,13,19,115,16,1
1431,22021,1610612749,MIL,Milwaukee Bucks,0022100722,2022-01-26,MIL @ CLE,L,240,37,80,0.463,9,32,0.281,16,18,0.889,10,31,41,22,7,3,19,19,99,-16,1
1432,22021,1610612766,CHA,Charlotte Hornets,0022100723,2022-01-26,CHA @ IND,W,240,54,93,0.581,24,45,0.533,26,33,0.788,8,28,36,37,9,5,13,29,158,32,1
1433,22021,1610612754,IND,Indiana Pacers,0022100723,2022-01-26,IND vs. CHA,L,240,44,92,0.478,10,34,0.294,28,34,0.824,17,24,41,33,9,3,20,31,126,-32,1
1434,22021,1610612737,ATL,Atlanta Hawks,0022100725,2022-01-26,ATL vs. SAC,W,240,48,90,0.533,12,36,0.333,13,17,0.765,6,42,48,29,9,2,9,18,121,17,1
1435,22021,1610612758,SAC,Sacramento Kings,0022100725,2022-01-26,SAC @ ATL,L,240,39,93,0.419,12,40,0.3,14,19,0.737,10,32,42,23,6,3,12,20,104,-17,1
1436,22021,1610612752,NYK,New York Knicks,0022100727,2022-01-26,NYK @ MIA,L,240,35,83,0.422,15,44,0.341,11,17,0.647,15,29,44,24,8,4,18,23,96,-14,1
1437,22021,1610612748,MIA,Miami Heat,0022100727,2022-01-26,MIA vs. NYK,W,240,37,74,0.5,16,37,0.432,20,22,0.909,7,31,38,30,8,3,20,23,110,14,1
1438,22021,1610612743,DEN,Denver Nuggets,0022100453,2022-01-26,DEN @ BKN,W,240,42,89,0.472,15,36,0.417,25,27,0.926,12,36,48,27,8,2,13,21,124,6,1
1439,22021,1610612751,BKN,Brooklyn Nets,0022100453,2022-01-26,BKN vs. DEN,L,240,43,88,0.489,12,29,0.414,20,26,0.769,6,32,38,26,6,3,12,25,118,-6,1
1440,22021,1610612761,TOR,Toronto Raptors,0022100472,2022-01-26,TOR @ CHI,L,240,38,79,0.481,12,31,0.387,17,28,0.607,8,26,34,24,8,5,12,17,105,-6,1
1441,22021,1610612741,CHI,Chicago Bulls,0022100472,2022-01-26,CHI vs. TOR,W,240,46,84,0.548,7,26,0.269,12,16,0.75,10,35,45,32,2,1,15,22,111,6,1
1442,22021,1610612759,SAS,San Antonio Spurs,0022100728,2022-01-26,SAS vs. MEM,L,240,43,94,0.457,9,37,0.243,15,19,0.789,13,26,39,30,9,7,13,19,110,-8,1
1443,22021,1610612763,MEM,Memphis Grizzlies,0022100728,2022-01-26,MEM @ SAS,W,240,46,90,0.511,7,23,0.304,19,26,0.731,12,32,44,24,9,9,13,18,118,8,1
1444,22021,1610612753,ORL,Orlando Magic,0022100724,2022-01-26,ORL vs. LAC,L,240,38,84,0.452,9,35,0.257,17,22,0.773,8,31,39,29,9,3,13,23,102,-9,1
1445,22021,1610612746,LAC,LA Clippers,0022100724,2022-01-26,LAC @ ORL,W,240,36,81,0.444,15,29,0.517,24,27,0.889,8,41,49,20,7,1,15,22,111,9,1
1446,22021,1610612744,GSW,Golden State Warriors,0022100734,2022-01-27,GSW vs. MIN,W,240,44,82,0.537,21,36,0.583,15,21,0.714,10,37,47,31,8,3,19,23,124,9,1
1447,22021,1610612750,MIN,Minnesota Timberwolves,0022100734,2022-01-27,MIN @ GSW,L,240,42,95,0.442,10,44,0.227,21,27,0.778,10,31,41,22,10,4,9,15,115,-9,1
1448,22021,1610612747,LAL,Los Angeles Lakers,0022100733,2022-01-27,LAL @ PHI,L,240,36,88,0.409,6,29,0.207,9,9,1.0,9,33,42,19,7,9,19,16,87,-18,1
1449,22021,1610612755,PHI,Philadelphia 76ers,0022100733,2022-01-27,PHI vs. LAL,W,240,41,82,0.5,13,35,0.371,10,17,0.588,3,38,41,30,8,5,15,14,105,18,1
1450,22021,1610612753,ORL,Orlando Magic,0022100736,2022-01-28,ORL vs. DET,W,240,41,83,0.494,12,25,0.48,25,26,0.962,8,39,47,28,5,7,17,22,119,16,1
1451,22021,1610612765,DET,Detroit Pistons,0022100736,2022-01-28,DET @ ORL,L,240,32,87,0.368,10,29,0.345,29,37,0.784,14,27,41,23,10,9,10,24,103,-16,1
1452,22021,1610612737,ATL,Atlanta Hawks,0022100737,2022-01-28,ATL vs. BOS,W,240,41,89,0.461,12,31,0.387,14,20,0.7,9,34,43,19,10,11,12,21,108,16,1
1453,22021,1610612738,BOS,Boston Celtics,0022100737,2022-01-28,BOS @ ATL,L,240,30,86,0.349,7,36,0.194,25,27,0.926,16,36,52,15,5,8,18,25,92,-16,1
1454,22021,1610612766,CHA,Charlotte Hornets,0022100735,2022-01-28,CHA vs. LAL,W,240,43,83,0.518,11,36,0.306,20,28,0.714,11,39,50,25,4,5,12,24,117,3,1
1455,22021,1610612747,LAL,Los Angeles Lakers,0022100735,2022-01-28,LAL @ CHA,L,240,38,91,0.418,15,40,0.375,23,32,0.719,12,32,44,19,7,3,7,23,114,-3,1
1456,22021,1610612740,NOP,New Orleans Pelicans,0022100729,2022-01-28,NOP vs. DEN,L,240,35,90,0.389,5,34,0.147,30,33,0.909,14,29,43,23,14,4,13,19,105,-11,1
1457,22021,1610612743,DEN,Denver Nuggets,0022100729,2022-01-28,DEN @ NOP,W,240,41,82,0.5,12,33,0.364,22,25,0.88,9,34,43,29,9,4,21,22,116,11,1
1458,22021,1610612757,POR,Portland Trail Blazers,0022100739,2022-01-28,POR @ HOU,W,240,46,81,0.568,17,39,0.436,16,20,0.8,4,30,34,20,10,4,15,24,125,15,1
1459,22021,1610612745,HOU,Houston Rockets,0022100739,2022-01-28,HOU vs. POR,L,240,38,79,0.481,10,41,0.244,24,31,0.774,5,33,38,25,6,3,19,22,110,-15,1
1460,22021,1610612763,MEM,Memphis Grizzlies,0022100740,2022-01-28,MEM vs. UTA,W,240,46,82,0.561,9,23,0.391,18,24,0.75,8,34,42,27,9,7,15,19,119,10,1
1461,22021,1610612762,UTA,Utah Jazz,0022100740,2022-01-28,UTA @ MEM,L,240,37,85,0.435,17,46,0.37,18,21,0.857,11,26,37,20,10,3,18,16,109,-10,1
1462,22021,1610612746,LAC,LA Clippers,0022100738,2022-01-28,LAC @ MIA,L,240,41,92,0.446,9,35,0.257,23,32,0.719,9,28,37,22,7,3,13,21,114,-7,1
1463,22021,1610612748,MIA,Miami Heat,0022100738,2022-01-28,MIA vs. LAC,W,240,40,85,0.471,15,34,0.441,26,27,0.963,12,39,51,28,6,3,18,23,121,7,1
1464,22021,1610612754,IND,Indiana Pacers,0022100741,2022-01-28,IND @ OKC,W,265,41,95,0.432,13,39,0.333,18,29,0.621,19,41,60,25,7,6,21,20,113,3,1
1465,22021,1610612760,OKC,Oklahoma City Thunder,0022100741,2022-01-28,OKC vs. IND,L,265,43,95,0.453,14,43,0.326,10,17,0.588,10,33,43,22,12,6,14,27,110,-3,1
1466,22021,1610612741,CHI,Chicago Bulls,0022100742,2022-01-28,CHI @ SAS,L,240,46,88,0.523,8,30,0.267,22,26,0.846,4,33,37,22,5,2,6,16,122,-9,1
1467,22021,1610612759,SAS,San Antonio Spurs,0022100742,2022-01-28,SAS vs. CHI,W,240,50,95,0.526,16,37,0.432,15,18,0.833,10,34,44,35,3,1,7,18,131,9,1
1468,22021,1610612756,PHX,Phoenix Suns,0022100743,2022-01-28,PHX vs. MIN,W,240,43,84,0.512,20,39,0.513,28,37,0.757,10,39,49,36,4,2,12,22,134,10,1
1469,22021,1610612750,MIN,Minnesota Timberwolves,0022100743,2022-01-28,MIN @ PHX,L,240,44,90,0.489,14,39,0.359,22,27,0.815,8,30,38,20,7,6,7,26,124,-10,1
1470,22021,1610612749,MIL,Milwaukee Bucks,0022100744,2022-01-28,MIL vs. NYK,W,240,41,89,0.461,14,43,0.326,27,31,0.871,11,36,47,27,11,1,13,24,123,15,1
1471,22021,1610612752,NYK,New York Knicks,0022100744,2022-01-28,NYK @ MIL,L,240,39,84,0.464,14,40,0.35,16,28,0.571,11,34,45,21,6,4,14,23,108,-15,1
1472,22021,1610612751,BKN,Brooklyn Nets,0022100750,2022-01-29,BKN @ GSW,L,240,39,98,0.398,11,28,0.393,17,21,0.81,18,34,52,21,7,10,11,15,106,-4,1
1473,22021,1610612744,GSW,Golden State Warriors,0022100750,2022-01-29,GSW vs. BKN,W,240,40,98,0.408,14,45,0.311,16,18,0.889,16,39,55,24,8,8,12,23,110,4,1
1474,22021,1610612740,NOP,New Orleans Pelicans,0022100745,2022-01-29,NOP vs. BOS,L,240,36,82,0.439,8,32,0.25,17,23,0.739,9,31,40,22,8,0,15,14,97,-10,1
1475,22021,1610612738,BOS,Boston Celtics,0022100745,2022-01-29,BOS @ NOP,W,240,43,81,0.531,14,41,0.341,7,11,0.636,6,37,43,31,6,7,15,19,107,10,1
1476,22021,1610612742,DAL,Dallas Mavericks,0022100746,2022-01-29,DAL vs. IND,W,240,51,96,0.531,16,34,0.471,14,22,0.636,11,35,46,31,8,7,5,19,132,27,1
1477,22021,1610612754,IND,Indiana Pacers,0022100746,2022-01-29,IND @ DAL,L,240,40,91,0.44,9,33,0.273,16,23,0.696,10,37,47,25,1,7,11,21,105,-27,1
1478,22021,1610612758,SAC,Sacramento Kings,0022100747,2022-01-29,SAC @ PHI,L,240,36,82,0.439,12,35,0.343,17,20,0.85,10,33,43,24,9,2,13,21,101,-2,1
1479,22021,1610612755,PHI,Philadelphia 76ers,0022100747,2022-01-29,PHI vs. SAC,W,240,36,70,0.514,12,30,0.4,19,26,0.731,3,33,36,24,8,3,18,17,103,2,1
1480,22021,1610612763,MEM,Memphis Grizzlies,0022100749,2022-01-29,MEM vs. WAS,W,240,46,100,0.46,13,31,0.419,10,12,0.833,21,39,60,24,8,10,9,21,115,20,1
1481,22021,1610612764,WAS,Washington Wizards,0022100749,2022-01-29,WAS @ MEM,L,240,35,84,0.417,10,29,0.345,15,21,0.714,7,30,37,27,6,5,12,12,95,-20,1
1482,22021,1610612761,TOR,Toronto Raptors,0022100748,2022-01-29,TOR @ MIA,W,315,47,107,0.439,16,45,0.356,14,18,0.778,12,41,53,24,15,9,17,22,124,4,1
1483,22021,1610612748,MIA,Miami Heat,0022100748,2022-01-29,MIA vs. TOR,L,315,45,110,0.409,16,50,0.32,14,20,0.7,19,42,61,26,12,6,24,26,120,-4,1
1484,22021,1610612765,DET,Detroit Pistons,0022100754,2022-01-30,DET vs. CLE,W,240,42,91,0.462,10,26,0.385,21,25,0.84,16,32,48,26,7,4,9,21,115,10,1
1485,22021,1610612739,CLE,Cleveland Cavaliers,0022100754,2022-01-30,CLE @ DET,L,240,38,82,0.463,13,34,0.382,16,25,0.64,12,29,41,25,6,6,13,20,105,-10,1
1486,22021,1610612742,DAL,Dallas Mavericks,0022100755,2022-01-30,DAL @ ORL,L,240,39,81,0.481,16,38,0.421,14,18,0.778,7,33,40,22,9,4,18,19,108,-2,1
1487,22021,1610612753,ORL,Orlando Magic,0022100755,2022-01-30,ORL vs. DAL,W,240,43,84,0.512,11,34,0.324,13,16,0.813,9,31,40,26,8,1,16,16,110,2,1
1488,22021,1610612750,MIN,Minnesota Timberwolves,0022100757,2022-01-30,MIN vs. UTA,W,240,49,89,0.551,13,31,0.419,15,18,0.833,10,30,40,35,11,2,16,15,126,20,1
1489,22021,1610612762,UTA,Utah Jazz,0022100757,2022-01-30,UTA @ MIN,L,240,38,81,0.469,15,40,0.375,15,21,0.714,9,29,38,23,8,4,20,24,106,-20,1
1490,22021,1610612759,SAS,San Antonio Spurs,0022100758,2022-01-30,SAS @ PHX,L,240,45,100,0.45,13,37,0.351,7,8,0.875,11,32,43,27,6,3,11,15,110,-5,1
1491,22021,1610612756,PHX,Phoenix Suns,0022100758,2022-01-30,PHX vs. SAS,W,240,48,97,0.495,11,32,0.344,8,12,0.667,11,35,46,31,6,5,8,12,115,5,1
1492,22021,1610612747,LAL,Los Angeles Lakers,0022100751,2022-01-30,LAL @ ATL,L,240,47,87,0.54,15,35,0.429,12,23,0.522,6,32,38,29,5,2,13,24,121,-8,1
1493,22021,1610612737,ATL,Atlanta Hawks,0022100751,2022-01-30,ATL vs. LAL,W,240,49,84,0.583,10,31,0.323,21,32,0.656,8,37,45,31,7,0,12,21,129,8,1
1494,22021,1610612757,POR,Portland Trail Blazers,0022100753,2022-01-30,POR @ CHI,L,240,43,83,0.518,18,39,0.462,12,16,0.75,5,31,36,23,4,3,12,12,116,-14,1
1495,22021,1610612741,CHI,Chicago Bulls,0022100753,2022-01-30,CHI vs. POR,W,240,50,90,0.556,13,32,0.406,17,18,0.944,8,36,44,36,10,3,7,16,130,14,1
1496,22021,1610612743,DEN,Denver Nuggets,0022100756,2022-01-30,DEN @ MIL,W,240,53,88,0.602,23,43,0.535,7,10,0.7,6,35,41,39,8,3,10,15,136,36,1
1497,22021,1610612749,MIL,Milwaukee Bucks,0022100756,2022-01-30,MIL vs. DEN,L,240,37,78,0.474,10,30,0.333,16,22,0.727,6,26,32,23,6,3,15,10,100,-36,1
1498,22021,1610612746,LAC,LA Clippers,0022100752,2022-01-30,LAC @ CHA,W,240,44,84,0.524,11,28,0.393,16,19,0.842,6,54,60,23,5,6,18,23,115,25,1
1499,22021,1610612766,CHA,Charlotte Hornets,0022100752,2022-01-30,CHA vs. LAC,L,240,32,98,0.327,8,34,0.235,18,27,0.667,11,33,44,24,8,2,9,15,90,-25,1
1500,22021,1610612746,LAC,LA Clippers,0022100760,2022-01-31,LAC @ IND,L,240,45,96,0.469,15,44,0.341,11,13,0.846,10,31,41,25,7,5,10,15,116,-6,1
1501,22021,1610612754,IND,Indiana Pacers,0022100760,2022-01-31,IND vs. LAC,W,240,50,95,0.526,14,29,0.483,8,12,0.667,11,39,50,31,3,5,12,12,122,6,1
1502,22021,1610612740,NOP,New Orleans Pelicans,0022100759,2022-01-31,NOP @ CLE,L,240,33,85,0.388,6,30,0.2,18,21,0.857,16,35,51,26,6,8,13,18,90,-3,1
1503,22021,1610612739,CLE,Cleveland Cavaliers,0022100759,2022-01-31,CLE vs. NOP,W,240,36,84,0.429,9,31,0.29,12,14,0.857,7,30,37,26,6,9,10,19,93,3,1
1504,22021,1610612755,PHI,Philadelphia 76ers,0022100761,2022-01-31,PHI vs. MEM,W,265,49,100,0.49,11,31,0.355,13,15,0.867,14,35,49,30,8,12,21,23,122,3,1
1505,22021,1610612763,MEM,Memphis Grizzlies,0022100761,2022-01-31,MEM @ PHI,L,265,47,102,0.461,6,30,0.2,19,28,0.679,15,33,48,18,14,6,14,15,119,-3,1
1506,22021,1610612738,BOS,Boston Celtics,0022100762,2022-01-31,BOS vs. MIA,W,240,44,84,0.524,16,42,0.381,18,27,0.667,9,35,44,24,9,6,10,15,122,30,1
1507,22021,1610612748,MIA,Miami Heat,0022100762,2022-01-31,MIA @ BOS,L,240,34,87,0.391,17,44,0.386,7,10,0.7,10,28,38,25,6,2,19,22,92,-30,1
1508,22021,1610612761,TOR,Toronto Raptors,0022100767,2022-01-31,TOR @ ATL,W,240,38,89,0.427,18,36,0.5,12,17,0.706,6,37,43,21,7,8,8,15,106,6,1
1509,22021,1610612737,ATL,Atlanta Hawks,0022100767,2022-01-31,ATL vs. TOR,L,240,37,81,0.457,12,32,0.375,14,16,0.875,5,41,46,28,6,5,15,20,100,-6,1
1510,22021,1610612752,NYK,New York Knicks,0022100763,2022-01-31,NYK vs. SAC,W,240,40,80,0.5,13,35,0.371,23,29,0.793,8,39,47,25,12,5,17,20,116,20,1
1511,22021,1610612758,SAC,Sacramento Kings,0022100763,2022-01-31,SAC @ NYK,L,240,37,86,0.43,11,38,0.289,11,22,0.5,9,27,36,24,6,5,16,23,96,-20,1
1512,22021,1610612757,POR,Portland Trail Blazers,0022100765,2022-01-31,POR @ OKC,L,240,34,81,0.42,7,38,0.184,6,8,0.75,6,35,41,18,7,6,15,20,81,-17,1
1513,22021,1610612760,OKC,Oklahoma City Thunder,0022100765,2022-01-31,OKC vs. POR,W,240,35,86,0.407,12,41,0.293,16,17,0.941,11,39,50,22,6,3,13,13,98,17,1
1514,22021,1610612745,HOU,Houston Rockets,0022100764,2022-01-31,HOU vs. GSW,L,240,36,84,0.429,16,43,0.372,20,29,0.69,9,28,37,25,4,3,17,19,108,-14,1
1515,22021,1610612744,GSW,Golden State Warriors,0022100764,2022-01-31,GSW @ HOU,W,240,43,80,0.538,17,40,0.425,19,23,0.826,7,34,41,23,10,8,15,24,122,14,1
1516,22021,1610612740,NOP,New Orleans Pelicans,0022100766,2022-02-01,NOP @ DET,W,240,39,89,0.438,8,28,0.286,25,28,0.893,16,30,46,24,8,5,17,17,111,10,1
1517,22021,1610612765,DET,Detroit Pistons,0022100766,2022-02-01,DET vs. NOP,L,240,41,84,0.488,8,32,0.25,11,14,0.786,6,29,35,21,7,3,19,25,101,-10,1
1518,22021,1610612764,WAS,Washington Wizards,0022100768,2022-02-01,WAS @ MIL,L,240,36,82,0.439,12,35,0.343,14,20,0.7,7,33,40,22,4,5,12,16,98,-14,1
1519,22021,1610612749,MIL,Milwaukee Bucks,0022100768,2022-02-01,MIL vs. WAS,W,240,46,92,0.5,12,38,0.316,8,9,0.889,8,36,44,26,7,2,9,17,112,14,1
1520,22021,1610612761,TOR,Toronto Raptors,0022100784,2022-02-01,TOR vs. MIA,W,240,39,81,0.481,12,26,0.462,20,29,0.69,15,28,43,20,9,3,15,24,110,4,1
1521,22021,1610612748,MIA,Miami Heat,0022100784,2022-02-01,MIA @ TOR,L,240,38,78,0.487,8,30,0.267,22,25,0.88,10,28,38,26,8,1,17,25,106,-4,1
1522,22021,1610612743,DEN,Denver Nuggets,0022100770,2022-02-01,DEN @ MIN,L,240,38,89,0.427,14,44,0.318,25,28,0.893,10,36,46,27,7,4,12,17,115,-15,1
1523,22021,1610612750,MIN,Minnesota Timberwolves,0022100770,2022-02-01,MIN vs. DEN,W,240,46,93,0.495,19,45,0.422,19,25,0.76,13,39,52,35,8,9,10,21,130,15,1
1524,22021,1610612753,ORL,Orlando Magic,0022100769,2022-02-01,ORL @ CHI,L,240,46,93,0.495,14,39,0.359,9,11,0.818,3,33,36,33,7,4,9,18,115,-11,1
1525,22021,1610612741,CHI,Chicago Bulls,0022100769,2022-02-01,CHI vs. ORL,W,240,46,90,0.511,11,30,0.367,23,29,0.793,11,38,49,25,5,6,10,15,126,11,1
1526,22021,1610612759,SAS,San Antonio Spurs,0022100771,2022-02-01,SAS vs. GSW,L,240,46,83,0.554,16,33,0.485,12,17,0.706,5,29,34,33,7,7,14,17,120,-4,1
1527,22021,1610612744,GSW,Golden State Warriors,0022100771,2022-02-01,GSW @ SAS,W,240,43,96,0.448,20,46,0.435,18,18,1.0,15,31,46,30,10,3,16,17,124,4,1
1528,22021,1610612751,BKN,Brooklyn Nets,0022100772,2022-02-01,BKN @ PHX,L,240,40,81,0.494,16,40,0.4,15,21,0.714,6,27,33,25,7,1,12,27,111,-10,1
1529,22021,1610612756,PHX,Phoenix Suns,0022100772,2022-02-01,PHX vs. BKN,W,240,42,76,0.553,11,31,0.355,26,31,0.839,7,30,37,26,8,4,16,19,121,10,1
1530,22021,1610612745,HOU,Houston Rockets,0022100777,2022-02-02,HOU vs. CLE,W,240,39,82,0.476,14,40,0.35,23,33,0.697,8,29,37,25,11,3,12,23,115,11,1
1531,22021,1610612739,CLE,Cleveland Cavaliers,0022100777,2022-02-02,CLE @ HOU,L,240,41,80,0.513,7,21,0.333,15,27,0.556,12,36,48,23,6,4,19,27,104,-11,1
1532,22021,1610612742,DAL,Dallas Mavericks,0022100778,2022-02-02,DAL vs. OKC,L,265,46,98,0.469,14,43,0.326,8,10,0.8,13,26,39,28,12,8,14,21,114,-6,1
1533,22021,1610612760,OKC,Oklahoma City Thunder,0022100778,2022-02-02,OKC @ DAL,W,265,41,86,0.477,17,37,0.459,21,25,0.84,14,36,50,25,6,8,20,16,120,6,1
1534,22021,1610612758,SAC,Sacramento Kings,0022100780,2022-02-02,SAC vs. BKN,W,240,41,93,0.441,14,42,0.333,16,18,0.889,15,33,48,23,8,7,14,15,112,11,1
1535,22021,1610612751,BKN,Brooklyn Nets,0022100780,2022-02-02,BKN @ SAC,L,240,41,84,0.488,8,25,0.32,11,14,0.786,10,30,40,22,7,12,13,16,101,-11,1
1536,22021,1610612743,DEN,Denver Nuggets,0022100779,2022-02-02,DEN @ UTA,L,240,42,79,0.532,11,28,0.393,9,12,0.75,7,32,39,24,5,7,14,20,104,-4,1
1537,22021,1610612762,UTA,Utah Jazz,0022100779,2022-02-02,UTA vs. DEN,W,240,42,86,0.488,7,29,0.241,17,22,0.773,8,29,37,21,8,4,8,12,108,4,1
1538,22021,1610612747,LAL,Los Angeles Lakers,0022100781,2022-02-02,LAL vs. POR,W,240,33,78,0.423,11,30,0.367,22,33,0.667,12,41,53,25,8,7,17,18,99,5,1
1539,22021,1610612757,POR,Portland Trail Blazers,0022100781,2022-02-02,POR @ LAL,L,240,35,98,0.357,14,42,0.333,10,19,0.526,18,37,55,23,11,3,13,28,94,-5,1
1540,22021,1610612755,PHI,Philadelphia 76ers,0022100774,2022-02-02,PHI vs. WAS,L,240,41,91,0.451,11,27,0.407,10,13,0.769,10,31,41,23,2,4,4,20,103,-3,1
1541,22021,1610612764,WAS,Washington Wizards,0022100774,2022-02-02,WAS @ PHI,W,240,41,90,0.456,9,22,0.409,15,19,0.789,15,37,52,25,1,5,10,14,106,3,1
1542,22021,1610612754,IND,Indiana Pacers,0022100773,2022-02-02,IND vs. ORL,L,240,44,98,0.449,14,32,0.438,16,23,0.696,7,39,46,25,7,1,8,19,118,-1,1
1543,22021,1610612753,ORL,Orlando Magic,0022100773,2022-02-02,ORL @ IND,W,240,42,95,0.442,11,35,0.314,24,26,0.923,9,43,52,29,5,3,12,21,119,1,1
1544,22021,1610612766,CHA,Charlotte Hornets,0022100775,2022-02-02,CHA @ BOS,L,240,37,87,0.425,12,40,0.3,21,27,0.778,14,32,46,18,12,4,16,20,107,-6,1
1545,22021,1610612738,BOS,Boston Celtics,0022100775,2022-02-02,BOS vs. CHA,W,240,42,82,0.512,14,36,0.389,15,17,0.882,6,36,42,31,9,5,19,21,113,6,1
1546,22021,1610612752,NYK,New York Knicks,0022100776,2022-02-02,NYK vs. MEM,L,240,38,88,0.432,12,36,0.333,20,26,0.769,13,35,48,23,5,10,15,19,108,-12,1
1547,22021,1610612763,MEM,Memphis Grizzlies,0022100776,2022-02-02,MEM @ NYK,W,240,44,102,0.431,16,39,0.41,16,23,0.696,15,36,51,30,11,5,11,18,120,12,1
1548,22021,1610612748,MIA,Miami Heat,0022100521,2022-02-03,MIA @ SAS,W,240,42,83,0.506,12,30,0.4,16,18,0.889,7,35,42,27,13,3,14,27,112,17,1
1549,22021,1610612759,SAS,San Antonio Spurs,0022100521,2022-02-03,SAS vs. MIA,L,240,30,80,0.375,8,33,0.242,27,38,0.711,12,31,43,21,9,5,17,19,95,-17,1
1550,22021,1610612750,MIN,Minnesota Timberwolves,0022100782,2022-02-03,MIN @ DET,W,240,44,87,0.506,15,34,0.441,25,28,0.893,9,33,42,29,11,3,14,18,128,11,1
1551,22021,1610612765,DET,Detroit Pistons,0022100782,2022-02-03,DET vs. MIN,L,240,40,91,0.44,15,46,0.326,22,28,0.786,13,32,45,27,3,6,16,24,117,-11,1
1552,22021,1610612737,ATL,Atlanta Hawks,0022100783,2022-02-03,ATL vs. PHX,W,240,44,84,0.524,20,40,0.5,16,22,0.727,6,35,41,25,6,1,15,21,124,9,1
1553,22021,1610612756,PHX,Phoenix Suns,0022100783,2022-02-03,PHX @ ATL,L,240,46,88,0.523,9,32,0.281,14,18,0.778,6,33,39,30,11,2,11,20,115,-9,1
1554,22021,1610612761,TOR,Toronto Raptors,0022100430,2022-02-03,TOR vs. CHI,W,265,48,113,0.425,14,36,0.389,17,19,0.895,22,36,58,30,10,5,12,17,127,7,1
1555,22021,1610612741,CHI,Chicago Bulls,0022100430,2022-02-03,CHI @ TOR,L,265,43,90,0.478,12,29,0.414,22,24,0.917,10,41,51,30,8,7,17,19,120,-7,1
1556,22021,1610612758,SAC,Sacramento Kings,0022100785,2022-02-03,SAC @ GSW,L,240,42,80,0.525,11,31,0.355,19,23,0.826,5,20,25,29,13,3,16,16,114,-12,1
1557,22021,1610612744,GSW,Golden State Warriors,0022100785,2022-02-03,GSW vs. SAC,W,240,47,84,0.56,20,42,0.476,12,16,0.75,9,31,40,27,11,3,16,19,126,12,1
1558,22021,1610612746,LAC,LA Clippers,0022100786,2022-02-03,LAC vs. LAL,W,240,46,89,0.517,13,30,0.433,6,11,0.545,7,36,43,29,5,6,10,22,111,1,1
1559,22021,1610612747,LAL,Los Angeles Lakers,0022100786,2022-02-03,LAL @ LAC,L,240,41,88,0.466,11,29,0.379,17,25,0.68,11,33,44,19,6,6,11,13,110,-1,1
1560,22021,1610612757,POR,Portland Trail Blazers,0022100795,2022-02-04,POR vs. OKC,L,240,40,101,0.396,6,33,0.182,7,10,0.7,17,36,53,18,7,4,12,18,93,-3,1
1561,22021,1610612760,OKC,Oklahoma City Thunder,0022100795,2022-02-04,OKC @ POR,W,240,33,87,0.379,15,42,0.357,15,21,0.714,13,39,52,24,5,6,15,18,96,3,1
1562,22021,1610612765,DET,Detroit Pistons,0022100788,2022-02-04,DET vs. BOS,L,240,34,104,0.327,10,26,0.385,15,20,0.75,20,36,56,18,5,4,11,24,93,-9,1
1563,22021,1610612738,BOS,Boston Celtics,0022100788,2022-02-04,BOS @ DET,W,240,37,82,0.451,9,28,0.321,19,25,0.76,11,44,55,23,4,9,14,17,102,9,1
1564,22021,1610612766,CHA,Charlotte Hornets,0022100787,2022-02-04,CHA vs. CLE,L,240,38,92,0.413,14,43,0.326,11,12,0.917,15,37,52,27,9,2,14,22,101,-1,1
1565,22021,1610612739,CLE,Cleveland Cavaliers,0022100787,2022-02-04,CLE @ CHA,W,240,36,90,0.4,14,35,0.4,16,20,0.8,15,36,51,26,7,0,12,17,102,1,1
1566,22021,1610612754,IND,Indiana Pacers,0022100789,2022-02-04,IND vs. CHI,L,240,47,95,0.495,12,27,0.444,9,9,1.0,10,27,37,25,3,3,13,19,115,-7,1
1567,22021,1610612741,CHI,Chicago Bulls,0022100789,2022-02-04,CHI @ IND,W,240,49,90,0.544,6,26,0.231,18,23,0.783,10,33,43,30,5,6,9,17,122,7,1
1568,22021,1610612761,TOR,Toronto Raptors,0022100790,2022-02-04,TOR vs. ATL,W,240,46,81,0.568,17,27,0.63,16,18,0.889,8,37,45,29,7,4,17,18,125,11,1
1569,22021,1610612737,ATL,Atlanta Hawks,0022100790,2022-02-04,ATL @ TOR,L,240,43,93,0.462,9,29,0.31,19,21,0.905,13,27,40,27,12,4,9,16,114,-11,1
1570,22021,1610612759,SAS,San Antonio Spurs,0022100792,2022-02-04,SAS vs. HOU,W,240,51,89,0.573,13,28,0.464,16,20,0.8,11,33,44,33,14,5,13,25,131,25,1
1571,22021,1610612745,HOU,Houston Rockets,0022100792,2022-02-04,HOU @ SAS,L,240,36,83,0.434,11,33,0.333,23,29,0.793,9,26,35,15,9,6,19,20,106,-25,1
1572,22021,1610612751,BKN,Brooklyn Nets,0022100793,2022-02-04,BKN @ UTA,L,240,41,99,0.414,12,34,0.353,8,11,0.727,16,26,42,25,10,2,10,12,102,-23,1
1573,22021,1610612762,UTA,Utah Jazz,0022100793,2022-02-04,UTA vs. BKN,W,240,48,85,0.565,17,38,0.447,12,14,0.857,9,41,50,33,7,5,18,16,125,23,1
1574,22021,1610612740,NOP,New Orleans Pelicans,0022100794,2022-02-04,NOP @ DEN,W,240,42,75,0.56,8,25,0.32,21,23,0.913,5,33,38,27,8,5,15,18,113,8,1
1575,22021,1610612743,DEN,Denver Nuggets,0022100794,2022-02-04,DEN vs. NOP,L,240,35,78,0.449,19,41,0.463,16,17,0.941,7,24,31,22,9,4,15,20,105,-8,1
1576,22021,1610612755,PHI,Philadelphia 76ers,0022100791,2022-02-04,PHI @ DAL,L,240,36,70,0.514,9,27,0.333,17,23,0.739,6,30,36,23,5,5,14,22,98,-9,1
1577,22021,1610612742,DAL,Dallas Mavericks,0022100791,2022-02-04,DAL vs. PHI,W,240,39,85,0.459,10,34,0.294,19,23,0.826,11,29,40,22,8,0,11,18,107,9,1
1578,22021,1610612747,LAL,Los Angeles Lakers,0022100799,2022-02-05,LAL vs. NYK,W,265,48,102,0.471,9,34,0.265,17,28,0.607,14,43,57,29,8,7,13,23,122,7,1
1579,22021,1610612752,NYK,New York Knicks,0022100799,2022-02-05,NYK @ LAL,L,265,39,98,0.398,11,38,0.289,26,36,0.722,15,41,56,24,8,4,14,26,115,-7,1
1580,22021,1610612763,MEM,Memphis Grizzlies,0022100796,2022-02-05,MEM @ ORL,W,240,53,105,0.505,13,39,0.333,16,22,0.727,16,46,62,33,6,5,8,21,135,20,1
1581,22021,1610612753,ORL,Orlando Magic,0022100796,2022-02-05,ORL vs. MEM,L,240,39,90,0.433,17,48,0.354,20,29,0.69,7,31,38,27,2,2,9,20,115,-20,1
1582,22021,1610612766,CHA,Charlotte Hornets,0022100797,2022-02-05,CHA vs. MIA,L,240,33,86,0.384,10,36,0.278,10,16,0.625,12,38,50,23,4,5,20,19,86,-18,1
1583,22021,1610612748,MIA,Miami Heat,0022100797,2022-02-05,MIA @ CHA,W,240,38,91,0.418,11,32,0.344,17,18,0.944,11,38,49,27,14,6,12,17,104,18,1
1584,22021,1610612756,PHX,Phoenix Suns,0022100798,2022-02-05,PHX @ WAS,W,240,40,99,0.404,8,31,0.258,7,14,0.5,20,44,64,26,6,7,10,16,95,15,1
1585,22021,1610612764,WAS,Washington Wizards,0022100798,2022-02-05,WAS vs. PHX,L,240,30,85,0.353,5,24,0.208,15,19,0.789,8,34,42,14,8,4,9,17,80,-15,1
1586,22021,1610612758,SAC,Sacramento Kings,0022100801,2022-02-05,SAC vs. OKC,W,240,43,83,0.518,12,32,0.375,15,22,0.682,7,40,47,30,13,4,16,15,113,10,1
1587,22021,1610612760,OKC,Oklahoma City Thunder,0022100801,2022-02-05,OKC @ SAC,L,240,42,87,0.483,9,30,0.3,10,16,0.625,7,34,41,23,8,1,14,16,103,-10,1
1588,22021,1610612757,POR,Portland Trail Blazers,0022100800,2022-02-05,POR vs. MIL,L,240,41,85,0.482,14,45,0.311,12,21,0.571,9,29,38,25,6,6,16,18,108,-29,1
1589,22021,1610612749,MIL,Milwaukee Bucks,0022100800,2022-02-05,MIL @ POR,W,240,49,92,0.533,23,50,0.46,16,22,0.727,10,34,44,36,9,6,10,18,137,29,1
1590,22021,1610612741,CHI,Chicago Bulls,0022100802,2022-02-06,CHI vs. PHI,L,240,39,81,0.481,7,26,0.269,23,26,0.885,6,32,38,21,3,4,8,19,108,-11,1
1591,22021,1610612755,PHI,Philadelphia 76ers,0022100802,2022-02-06,PHI @ CHI,W,240,45,84,0.536,12,24,0.5,17,21,0.81,4,34,38,29,5,5,11,17,119,11,1
1592,22021,1610612742,DAL,Dallas Mavericks,0022100807,2022-02-06,DAL vs. ATL,W,240,38,88,0.432,16,36,0.444,11,13,0.846,12,36,48,25,8,5,16,25,103,9,1
1593,22021,1610612737,ATL,Atlanta Hawks,0022100807,2022-02-06,ATL @ DAL,L,240,37,95,0.389,5,25,0.2,15,16,0.938,15,35,50,21,7,4,12,18,94,-9,1
1594,22021,1610612754,IND,Indiana Pacers,0022100805,2022-02-06,IND @ CLE,L,240,31,83,0.373,8,31,0.258,15,17,0.882,13,34,47,17,5,2,19,26,85,-13,1
1595,22021,1610612739,CLE,Cleveland Cavaliers,0022100805,2022-02-06,CLE vs. IND,W,240,34,84,0.405,11,32,0.344,19,28,0.679,16,34,50,25,9,5,11,22,98,13,1
1596,22021,1610612738,BOS,Boston Celtics,0022100806,2022-02-06,BOS @ ORL,W,240,45,99,0.455,13,46,0.283,13,14,0.929,16,39,55,29,9,6,16,17,116,33,1
1597,22021,1610612753,ORL,Orlando Magic,0022100806,2022-02-06,ORL vs. BOS,L,240,29,81,0.358,5,26,0.192,20,21,0.952,8,32,40,17,8,5,19,16,83,-33,1
1598,22021,1610612740,NOP,New Orleans Pelicans,0022100808,2022-02-06,NOP @ HOU,W,240,41,77,0.532,12,29,0.414,26,36,0.722,5,28,33,29,12,4,13,23,120,13,1
1599,22021,1610612745,HOU,Houston Rockets,0022100808,2022-02-06,HOU vs. NOP,L,240,40,84,0.476,16,45,0.356,11,16,0.688,5,28,33,28,5,7,18,23,107,-13,1
1600,22021,1610612749,MIL,Milwaukee Bucks,0022100809,2022-02-06,MIL @ LAC,W,240,48,88,0.545,19,38,0.5,22,27,0.815,7,43,50,28,6,4,10,15,137,24,1
1601,22021,1610612746,LAC,LA Clippers,0022100809,2022-02-06,LAC vs. MIL,L,240,40,96,0.417,18,46,0.391,15,16,0.938,10,34,44,26,6,2,10,20,113,-24,1
1602,22021,1610612743,DEN,Denver Nuggets,0022100804,2022-02-06,DEN vs. BKN,W,240,49,94,0.521,10,32,0.313,16,21,0.762,11,44,55,37,7,2,11,20,124,20,1
1603,22021,1610612751,BKN,Brooklyn Nets,0022100804,2022-02-06,BKN @ DEN,L,240,36,87,0.414,16,41,0.39,16,22,0.727,8,28,36,24,8,9,10,19,104,-20,1
1604,22021,1610612765,DET,Detroit Pistons,0022100803,2022-02-06,DET @ MIN,L,240,40,95,0.421,12,32,0.375,13,19,0.684,14,33,47,28,6,9,11,22,105,-13,1
1605,22021,1610612750,MIN,Minnesota Timberwolves,0022100803,2022-02-06,MIN vs. DET,W,240,42,91,0.462,17,36,0.472,17,21,0.81,11,40,51,27,6,7,10,19,118,13,1
1606,22021,1610612764,WAS,Washington Wizards,0022100811,2022-02-07,WAS vs. MIA,L,240,36,80,0.45,7,31,0.226,21,23,0.913,7,26,33,25,10,0,17,18,100,-21,1
1607,22021,1610612748,MIA,Miami Heat,0022100811,2022-02-07,MIA @ WAS,W,240,43,76,0.566,18,32,0.563,17,21,0.81,5,32,37,29,9,1,19,23,121,21,1
1608,22021,1610612761,TOR,Toronto Raptors,0022100810,2022-02-07,TOR @ CHA,W,240,41,84,0.488,15,35,0.429,19,29,0.655,14,37,51,21,9,5,18,20,116,15,1
1609,22021,1610612766,CHA,Charlotte Hornets,0022100810,2022-02-07,CHA vs. TOR,L,240,39,95,0.411,9,40,0.225,14,16,0.875,9,29,38,28,11,4,13,19,101,-15,1
1610,22021,1610612760,OKC,Oklahoma City Thunder,0022100813,2022-02-07,OKC vs. GSW,L,240,37,90,0.411,11,36,0.306,13,17,0.765,18,32,50,21,8,2,18,14,98,-12,1
1611,22021,1610612744,GSW,Golden State Warriors,0022100813,2022-02-07,GSW @ OKC,W,240,41,82,0.5,15,43,0.349,13,17,0.765,6,34,40,30,12,3,15,19,110,12,1
1612,22021,1610612741,CHI,Chicago Bulls,0022100812,2022-02-07,CHI vs. PHX,L,240,43,90,0.478,10,26,0.385,28,31,0.903,11,29,40,18,7,2,9,18,124,-3,1
1613,22021,1610612756,PHX,Phoenix Suns,0022100812,2022-02-07,PHX @ CHI,W,240,49,90,0.544,12,32,0.375,17,19,0.895,10,34,44,31,5,5,11,23,127,3,1
1614,22021,1610612762,UTA,Utah Jazz,0022100814,2022-02-07,UTA vs. NYK,W,240,39,93,0.419,12,48,0.25,23,27,0.852,14,35,49,19,6,6,12,26,113,9,1
1615,22021,1610612752,NYK,New York Knicks,0022100814,2022-02-07,NYK @ UTA,L,240,36,95,0.379,8,33,0.242,24,35,0.686,20,36,56,18,8,3,16,23,104,-9,1
1616,22021,1610612753,ORL,Orlando Magic,0022100823,2022-02-08,ORL @ POR,W,240,44,90,0.489,19,38,0.5,6,8,0.75,10,40,50,34,8,7,15,18,113,18,1
1617,22021,1610612757,POR,Portland Trail Blazers,0022100823,2022-02-08,POR vs. ORL,L,240,32,91,0.352,11,38,0.289,20,26,0.769,17,33,50,21,9,5,13,12,95,-18,1
1618,22021,1610612750,MIN,Minnesota Timberwolves,0022100824,2022-02-08,MIN @ SAC,W,240,50,104,0.481,22,44,0.5,12,17,0.706,16,33,49,34,10,4,14,24,134,20,1
1619,22021,1610612758,SAC,Sacramento Kings,0022100824,2022-02-08,SAC vs. MIN,L,240,41,83,0.494,9,25,0.36,23,26,0.885,5,33,38,29,4,3,19,20,114,-20,1
1620,22021,1610612747,LAL,Los Angeles Lakers,0022100822,2022-02-08,LAL vs. MIL,L,240,44,85,0.518,10,32,0.313,18,30,0.6,12,29,41,28,7,6,16,20,116,-15,1
1621,22021,1610612749,MIL,Milwaukee Bucks,0022100822,2022-02-08,MIL @ LAL,W,240,52,96,0.542,15,36,0.417,12,20,0.6,11,31,42,31,10,4,12,24,131,15,1
1622,22021,1610612756,PHX,Phoenix Suns,0022100815,2022-02-08,PHX @ PHI,W,240,43,95,0.453,6,26,0.231,22,24,0.917,11,37,48,27,7,5,8,15,114,5,1
1623,22021,1610612755,PHI,Philadelphia 76ers,0022100815,2022-02-08,PHI vs. PHX,L,240,41,89,0.461,10,32,0.313,17,18,0.944,6,38,44,24,7,4,15,22,109,-5,1
1624,22021,1610612738,BOS,Boston Celtics,0022100817,2022-02-08,BOS @ BKN,W,240,50,91,0.549,14,40,0.35,12,16,0.75,11,41,52,32,6,8,14,14,126,35,1
1625,22021,1610612751,BKN,Brooklyn Nets,0022100817,2022-02-08,BKN vs. BOS,L,240,38,99,0.384,10,36,0.278,5,13,0.385,15,25,40,22,6,4,14,18,91,-35,1
1626,22021,1610612754,IND,Indiana Pacers,0022100816,2022-02-08,IND @ ATL,L,240,37,93,0.398,10,31,0.323,28,33,0.848,18,25,43,22,10,4,13,16,112,-21,1
1627,22021,1610612737,ATL,Atlanta Hawks,0022100816,2022-02-08,ATL vs. IND,W,240,52,90,0.578,17,33,0.515,12,16,0.75,10,33,43,36,8,7,16,26,133,21,1
1628,22021,1610612763,MEM,Memphis Grizzlies,0022100818,2022-02-08,MEM vs. LAC,W,240,53,103,0.515,9,26,0.346,20,25,0.8,21,34,55,26,12,6,13,18,135,26,1
1629,22021,1610612746,LAC,LA Clippers,0022100818,2022-02-08,LAC @ MEM,L,240,40,89,0.449,11,31,0.355,18,24,0.75,11,29,40,25,8,7,17,17,109,-26,1
1630,22021,1610612745,HOU,Houston Rockets,0022100819,2022-02-08,HOU @ NOP,L,240,32,86,0.372,13,42,0.31,20,31,0.645,18,29,47,19,8,3,21,23,97,-13,1
1631,22021,1610612740,NOP,New Orleans Pelicans,0022100819,2022-02-08,NOP vs. HOU,W,240,42,80,0.525,8,32,0.25,18,20,0.9,8,35,43,27,10,10,19,29,110,13,1
1632,22021,1610612765,DET,Detroit Pistons,0022100820,2022-02-08,DET @ DAL,L,240,33,87,0.379,5,30,0.167,15,22,0.682,13,32,45,20,5,2,15,24,86,-30,1
1633,22021,1610612742,DAL,Dallas Mavericks,0022100820,2022-02-08,DAL vs. DET,W,240,40,79,0.506,18,36,0.5,18,23,0.783,6,41,47,24,10,5,13,18,116,30,1
1634,22021,1610612743,DEN,Denver Nuggets,0022100821,2022-02-08,DEN vs. NYK,W,240,46,85,0.541,16,39,0.41,24,31,0.774,12,40,52,31,5,1,13,18,132,17,1
1635,22021,1610612752,NYK,New York Knicks,0022100821,2022-02-08,NYK @ DEN,L,240,45,101,0.446,15,43,0.349,10,12,0.833,14,27,41,25,9,3,9,25,115,-17,1
1636,22021,1610612741,CHI,Chicago Bulls,0022100826,2022-02-09,CHI @ CHA,W,240,46,82,0.561,16,33,0.485,13,19,0.684,5,35,40,27,4,5,14,17,121,12,1
1637,22021,1610612766,CHA,Charlotte Hornets,0022100826,2022-02-09,CHA vs. CHI,L,240,40,93,0.43,13,43,0.302,16,23,0.696,11,32,43,26,7,1,9,16,109,-12,1
1638,22021,1610612760,OKC,Oklahoma City Thunder,0022100827,2022-02-09,OKC vs. TOR,L,240,36,87,0.414,14,47,0.298,12,14,0.857,14,31,45,28,11,4,18,17,98,-19,1
1639,22021,1610612761,TOR,Toronto Raptors,0022100827,2022-02-09,TOR @ OKC,W,240,45,88,0.511,13,35,0.371,14,14,1.0,10,35,45,22,9,4,16,16,117,19,1
1640,22021,1610612757,POR,Portland Trail Blazers,0022100829,2022-02-09,POR vs. LAL,W,240,42,89,0.472,10,32,0.313,13,16,0.813,11,30,41,26,15,3,11,15,107,2,1
1641,22021,1610612747,LAL,Los Angeles Lakers,0022100829,2022-02-09,LAL @ POR,L,240,41,74,0.554,17,37,0.459,6,13,0.462,3,35,38,29,7,7,21,15,105,-2,1
1642,22021,1610612750,MIN,Minnesota Timberwolves,0022100830,2022-02-09,MIN @ SAC,L,240,44,98,0.449,16,46,0.348,15,18,0.833,6,28,34,28,4,6,10,21,119,-13,1
1643,22021,1610612758,SAC,Sacramento Kings,0022100830,2022-02-09,SAC vs. MIN,W,240,48,93,0.516,12,30,0.4,24,27,0.889,11,40,51,32,4,7,14,19,132,13,1
1644,22021,1610612762,UTA,Utah Jazz,0022100828,2022-02-09,UTA vs. GSW,W,240,41,89,0.461,17,51,0.333,12,17,0.706,11,41,52,26,3,9,12,16,111,26,1
1645,22021,1610612744,GSW,Golden State Warriors,0022100828,2022-02-09,GSW @ UTA,L,240,28,78,0.359,16,43,0.372,13,17,0.765,3,32,35,17,8,3,13,19,85,-26,1
1646,22021,1610612739,CLE,Cleveland Cavaliers,0022100825,2022-02-09,CLE vs. SAS,W,240,39,82,0.476,9,21,0.429,18,24,0.75,10,41,51,18,8,2,15,12,105,13,1
1647,22021,1610612759,SAS,San Antonio Spurs,0022100825,2022-02-09,SAS @ CLE,L,240,38,99,0.384,8,33,0.242,8,11,0.727,15,31,46,24,8,4,13,17,92,-13,1
1648,22021,1610612764,WAS,Washington Wizards,0022100832,2022-02-10,WAS vs. BKN,W,240,43,85,0.506,11,31,0.355,16,18,0.889,10,31,41,29,7,5,12,23,113,1,1
1649,22021,1610612751,BKN,Brooklyn Nets,0022100832,2022-02-10,BKN @ WAS,L,240,39,84,0.464,10,29,0.345,24,28,0.857,12,30,42,19,6,3,10,21,112,-1,1
1650,22021,1610612761,TOR,Toronto Raptors,0022100834,2022-02-10,TOR @ HOU,W,240,53,97,0.546,15,39,0.385,18,22,0.818,14,23,37,25,12,3,12,28,139,19,1
1651,22021,1610612745,HOU,Houston Rockets,0022100834,2022-02-10,HOU vs. TOR,L,240,43,82,0.524,16,38,0.421,18,30,0.6,13,28,41,25,5,4,21,20,120,-19,1
1652,22021,1610612742,DAL,Dallas Mavericks,0022100835,2022-02-10,DAL vs. LAC,W,240,38,78,0.487,13,39,0.333,23,27,0.852,8,33,41,19,4,3,14,23,112,7,1
1653,22021,1610612746,LAC,LA Clippers,0022100835,2022-02-10,LAC @ DAL,L,240,39,81,0.481,9,23,0.391,18,25,0.72,4,27,31,24,9,2,10,25,105,-7,1
1654,22021,1610612749,MIL,Milwaukee Bucks,0022100836,2022-02-10,MIL @ PHX,L,240,40,88,0.455,10,38,0.263,17,25,0.68,11,28,39,18,6,4,14,22,107,-24,1
1655,22021,1610612756,PHX,Phoenix Suns,0022100836,2022-02-10,PHX vs. MIL,W,240,51,90,0.567,9,30,0.3,20,29,0.69,9,34,43,35,10,2,8,22,131,24,1
1656,22021,1610612744,GSW,Golden State Warriors,0022100837,2022-02-10,GSW vs. NYK,L,240,42,91,0.462,15,45,0.333,15,17,0.882,5,33,38,27,4,5,8,24,114,-2,1
1657,22021,1610612752,NYK,New York Knicks,0022100837,2022-02-10,NYK @ GSW,W,240,39,90,0.433,14,36,0.389,24,33,0.727,16,35,51,24,3,3,15,18,116,2,1
1658,22021,1610612748,MIA,Miami Heat,0022100833,2022-02-10,MIA @ NOP,W,240,39,81,0.481,10,32,0.313,24,28,0.857,11,32,43,25,12,4,14,19,112,15,1
1659,22021,1610612740,NOP,New Orleans Pelicans,0022100833,2022-02-10,NOP vs. MIA,L,240,36,85,0.424,11,41,0.268,14,16,0.875,12,27,39,19,8,6,17,23,97,-15,1
1660,22021,1610612765,DET,Detroit Pistons,0022100831,2022-02-10,DET vs. MEM,L,240,41,94,0.436,7,35,0.2,18,21,0.857,10,30,40,27,4,7,10,29,107,-25,1
1661,22021,1610612763,MEM,Memphis Grizzlies,0022100831,2022-02-10,MEM @ DET,W,240,44,92,0.478,15,30,0.5,29,42,0.69,18,42,60,32,6,4,13,23,132,25,1
1662,22021,1610612760,OKC,Oklahoma City Thunder,0022100840,2022-02-11,OKC @ PHI,L,240,35,90,0.389,6,35,0.171,11,12,0.917,11,41,52,21,6,8,16,21,87,-13,1
1663,22021,1610612755,PHI,Philadelphia 76ers,0022100840,2022-02-11,PHI vs. OKC,W,240,36,93,0.387,7,26,0.269,21,26,0.808,15,40,55,19,7,10,11,16,100,13,1
1664,22021,1610612765,DET,Detroit Pistons,0022100838,2022-02-11,DET vs. CHA,L,240,48,102,0.471,12,35,0.343,11,18,0.611,16,29,45,32,10,6,18,20,119,-22,1
1665,22021,1610612766,CHA,Charlotte Hornets,0022100838,2022-02-11,CHA @ DET,W,240,54,97,0.557,18,42,0.429,15,23,0.652,15,36,51,36,13,2,18,22,141,22,1
1666,22021,1610612754,IND,Indiana Pacers,0022100839,2022-02-11,IND vs. CLE,L,240,42,89,0.472,18,38,0.474,11,16,0.688,9,29,38,25,9,4,23,25,113,-7,1
1667,22021,1610612739,CLE,Cleveland Cavaliers,0022100839,2022-02-11,CLE @ IND,W,240,43,81,0.531,9,24,0.375,25,30,0.833,6,26,32,20,12,7,13,16,120,7,1
1668,22021,1610612738,BOS,Boston Celtics,0022100842,2022-02-11,BOS vs. DEN,W,240,38,96,0.396,10,37,0.27,22,30,0.733,18,36,54,24,13,8,12,20,108,6,1
1669,22021,1610612743,DEN,Denver Nuggets,0022100842,2022-02-11,DEN @ BOS,L,240,39,90,0.433,11,44,0.25,13,18,0.722,12,40,52,23,7,6,21,22,102,-6,1
1670,22021,1610612759,SAS,San Antonio Spurs,0022100841,2022-02-11,SAS @ ATL,W,240,50,90,0.556,18,32,0.563,18,21,0.857,5,36,41,37,11,4,14,21,136,15,1
1671,22021,1610612737,ATL,Atlanta Hawks,0022100841,2022-02-11,ATL vs. SAS,L,240,47,103,0.456,14,43,0.326,13,15,0.867,17,32,49,28,10,5,14,18,121,-15,1
1672,22021,1610612750,MIN,Minnesota Timberwolves,0022100843,2022-02-11,MIN @ CHI,L,240,48,96,0.5,13,40,0.325,13,16,0.813,7,25,32,32,7,4,9,12,122,-12,1
1673,22021,1610612741,CHI,Chicago Bulls,0022100843,2022-02-11,CHI vs. MIN,W,240,55,87,0.632,14,31,0.452,10,13,0.769,6,37,43,32,6,3,15,15,134,12,1
1674,22021,1610612762,UTA,Utah Jazz,0022100844,2022-02-11,UTA vs. ORL,W,240,40,89,0.449,13,41,0.317,21,24,0.875,11,39,50,22,15,5,16,14,114,15,1
1675,22021,1610612753,ORL,Orlando Magic,0022100844,2022-02-11,ORL @ UTA,L,240,37,84,0.44,13,35,0.371,12,16,0.75,9,31,40,23,12,5,18,15,99,-15,1
1676,22021,1610612757,POR,Portland Trail Blazers,0022100845,2022-02-12,POR vs. NYK,W,240,40,84,0.476,15,40,0.375,17,20,0.85,9,42,51,29,3,2,17,26,112,9,1
1677,22021,1610612752,NYK,New York Knicks,0022100845,2022-02-12,NYK @ POR,L,240,31,81,0.383,12,39,0.308,29,34,0.853,9,32,41,19,6,6,13,24,103,-9,1
1678,22021,1610612759,SAS,San Antonio Spurs,0022100848,2022-02-12,SAS @ NOP,W,240,47,93,0.505,14,37,0.378,16,19,0.842,7,27,34,26,9,5,5,19,124,10,1
1679,22021,1610612740,NOP,New Orleans Pelicans,0022100848,2022-02-12,NOP vs. SAS,L,240,43,87,0.494,11,32,0.344,17,20,0.85,10,36,46,22,2,4,15,19,114,-10,1
1680,22021,1610612758,SAC,Sacramento Kings,0022100847,2022-02-12,SAC @ WAS,W,240,43,76,0.566,12,28,0.429,25,29,0.862,6,36,42,27,4,2,14,20,123,13,1
1681,22021,1610612764,WAS,Washington Wizards,0022100847,2022-02-12,WAS vs. SAC,L,240,41,88,0.466,13,38,0.342,15,21,0.714,10,22,32,26,11,3,10,19,110,-13,1
1682,22021,1610612766,CHA,Charlotte Hornets,0022100846,2022-02-12,CHA vs. MEM,L,240,39,97,0.402,14,45,0.311,26,33,0.788,18,35,53,28,7,6,17,29,118,-7,1
1683,22021,1610612763,MEM,Memphis Grizzlies,0022100846,2022-02-12,MEM @ CHA,W,240,47,96,0.49,11,33,0.333,20,33,0.606,16,41,57,31,11,8,17,26,125,7,1
1684,22021,1610612755,PHI,Philadelphia 76ers,0022100849,2022-02-12,PHI vs. CLE,W,240,38,79,0.481,10,22,0.455,17,21,0.81,8,32,40,24,13,5,13,21,103,10,1
1685,22021,1610612739,CLE,Cleveland Cavaliers,0022100849,2022-02-12,CLE @ PHI,L,240,36,77,0.468,8,24,0.333,13,15,0.867,5,29,34,21,3,3,17,16,93,-10,1
1686,22021,1610612761,TOR,Toronto Raptors,0022100850,2022-02-12,TOR vs. DEN,L,240,43,88,0.489,12,34,0.353,11,17,0.647,8,27,35,22,11,1,7,19,109,-1,1
1687,22021,1610612743,DEN,Denver Nuggets,0022100850,2022-02-12,DEN @ TOR,W,240,39,84,0.464,14,37,0.378,18,21,0.857,12,38,50,28,5,3,18,16,110,1,1
1688,22021,1610612748,MIA,Miami Heat,0022100851,2022-02-12,MIA vs. BKN,W,240,41,82,0.5,10,29,0.345,23,29,0.793,10,42,52,20,6,1,15,21,115,4,1
1689,22021,1610612751,BKN,Brooklyn Nets,0022100851,2022-02-12,BKN @ MIA,L,240,42,93,0.452,12,40,0.3,15,22,0.682,9,32,41,16,12,2,8,27,111,-4,1
1690,22021,1610612741,CHI,Chicago Bulls,0022100852,2022-02-12,CHI vs. OKC,W,240,40,89,0.449,7,25,0.28,19,23,0.826,11,46,57,20,6,3,13,19,106,5,1
1691,22021,1610612760,OKC,Oklahoma City Thunder,0022100852,2022-02-12,OKC @ CHI,L,240,34,88,0.386,11,36,0.306,22,30,0.733,7,36,43,22,8,10,8,15,101,-5,1
1692,22021,1610612753,ORL,Orlando Magic,0022100855,2022-02-12,ORL @ PHX,L,240,37,87,0.425,15,41,0.366,16,24,0.667,4,40,44,25,2,2,15,9,105,-27,1
1693,22021,1610612756,PHX,Phoenix Suns,0022100855,2022-02-12,PHX vs. ORL,W,240,55,105,0.524,15,34,0.441,7,10,0.7,7,45,52,40,8,2,7,19,132,27,1
1694,22021,1610612744,GSW,Golden State Warriors,0022100854,2022-02-12,GSW vs. LAL,W,240,40,90,0.444,12,38,0.316,25,34,0.735,10,40,50,24,4,3,9,24,117,2,1
1695,22021,1610612747,LAL,Los Angeles Lakers,0022100854,2022-02-12,LAL @ GSW,L,240,41,88,0.466,11,27,0.407,22,33,0.667,12,36,48,25,5,6,9,24,115,-2,1
1696,22021,1610612742,DAL,Dallas Mavericks,0022100853,2022-02-12,DAL vs. LAC,L,240,35,85,0.412,15,39,0.385,12,19,0.632,13,31,44,16,4,0,14,17,97,-2,1
1697,22021,1610612746,LAC,LA Clippers,0022100853,2022-02-12,LAC @ DAL,W,240,43,82,0.524,7,22,0.318,6,11,0.545,6,36,42,23,7,4,14,20,99,2,1
1698,22021,1610612737,ATL,Atlanta Hawks,0022100856,2022-02-13,ATL @ BOS,L,240,34,93,0.366,12,38,0.316,15,15,1.0,11,37,48,18,6,3,13,22,95,-10,1
1699,22021,1610612738,BOS,Boston Celtics,0022100856,2022-02-13,BOS vs. ATL,W,240,36,85,0.424,11,38,0.289,22,27,0.815,12,42,54,21,5,6,12,15,105,10,1
1700,22021,1610612754,IND,Indiana Pacers,0022100857,2022-02-13,IND vs. MIN,L,240,45,102,0.441,13,45,0.289,17,22,0.773,22,32,54,28,5,6,13,21,120,-9,1
1701,22021,1610612750,MIN,Minnesota Timberwolves,0022100857,2022-02-13,MIN @ IND,W,240,43,84,0.512,18,34,0.529,25,28,0.893,8,30,38,23,8,8,14,25,129,9,1
1702,22021,1610612764,WAS,Washington Wizards,0022100858,2022-02-14,WAS vs. DET,W,240,40,85,0.471,9,29,0.31,14,18,0.778,10,35,45,21,8,3,15,16,103,9,1
1703,22021,1610612765,DET,Detroit Pistons,0022100858,2022-02-14,DET @ WAS,L,240,32,85,0.376,8,23,0.348,22,27,0.815,13,31,44,19,7,3,12,19,94,-9,1
1704,22021,1610612751,BKN,Brooklyn Nets,0022100859,2022-02-14,BKN vs. SAC,W,240,43,84,0.512,9,26,0.346,14,15,0.933,6,43,49,25,7,5,18,22,109,24,1
1705,22021,1610612758,SAC,Sacramento Kings,0022100859,2022-02-14,SAC @ BKN,L,240,31,90,0.344,9,35,0.257,14,18,0.778,11,32,43,12,8,4,18,17,85,-24,1
1706,22021,1610612760,OKC,Oklahoma City Thunder,0022100860,2022-02-14,OKC @ NYK,W,265,48,96,0.5,13,34,0.382,18,27,0.667,8,38,46,28,9,1,11,19,127,4,1
1707,22021,1610612752,NYK,New York Knicks,0022100860,2022-02-14,NYK vs. OKC,L,265,45,108,0.417,15,50,0.3,18,22,0.818,19,37,56,28,8,12,14,25,123,-4,1
1708,22021,1610612757,POR,Portland Trail Blazers,0022100862,2022-02-14,POR @ MIL,W,240,45,99,0.455,18,43,0.419,14,19,0.737,14,44,58,30,8,6,14,19,122,15,1
1709,22021,1610612749,MIL,Milwaukee Bucks,0022100862,2022-02-14,MIL vs. POR,L,240,38,89,0.427,13,41,0.317,18,24,0.75,6,37,43,18,8,3,13,18,107,-15,1
1710,22021,1610612761,TOR,Toronto Raptors,0022100863,2022-02-14,TOR @ NOP,L,240,29,95,0.305,8,34,0.235,24,31,0.774,19,25,44,8,7,3,8,14,90,-30,1
1711,22021,1610612740,NOP,New Orleans Pelicans,0022100863,2022-02-14,NOP vs. TOR,W,240,45,77,0.584,16,35,0.457,14,16,0.875,4,43,47,36,4,7,14,24,120,30,1
1712,22021,1610612741,CHI,Chicago Bulls,0022100861,2022-02-14,CHI vs. SAS,W,240,46,88,0.523,10,24,0.417,18,21,0.857,10,43,53,25,3,3,16,19,120,11,1
1713,22021,1610612759,SAS,San Antonio Spurs,0022100861,2022-02-14,SAS @ CHI,L,240,44,92,0.478,6,20,0.3,15,21,0.714,4,29,33,28,9,2,7,15,109,-11,1
1714,22021,1610612762,UTA,Utah Jazz,0022100865,2022-02-14,UTA vs. HOU,W,240,49,89,0.551,18,40,0.45,19,22,0.864,13,40,53,34,6,5,13,22,135,34,1
1715,22021,1610612745,HOU,Houston Rockets,0022100865,2022-02-14,HOU @ UTA,L,240,35,83,0.422,12,37,0.324,19,28,0.679,10,23,33,23,5,4,12,20,101,-34,1
1716,22021,1610612743,DEN,Denver Nuggets,0022100864,2022-02-14,DEN vs. ORL,W,240,42,88,0.477,16,40,0.4,21,23,0.913,12,40,52,25,7,2,23,18,121,10,1
1717,22021,1610612753,ORL,Orlando Magic,0022100864,2022-02-14,ORL @ DEN,L,240,40,91,0.44,11,39,0.282,20,23,0.87,11,31,42,24,16,5,15,19,111,-10,1
1718,22021,1610612744,GSW,Golden State Warriors,0022100866,2022-02-14,GSW @ LAC,L,240,39,86,0.453,16,41,0.39,10,13,0.769,7,31,38,23,7,3,14,18,104,-15,1
1719,22021,1610612746,LAC,LA Clippers,0022100866,2022-02-14,LAC vs. GSW,W,240,48,85,0.565,15,34,0.441,8,15,0.533,6,37,43,25,6,3,12,18,119,15,1
1720,22021,1610612750,MIN,Minnesota Timberwolves,0022100871,2022-02-15,MIN vs. CHA,W,265,43,109,0.394,13,55,0.236,27,43,0.628,17,41,58,29,10,8,14,26,126,6,1
1721,22021,1610612766,CHA,Charlotte Hornets,0022100871,2022-02-15,CHA @ MIN,L,265,42,102,0.412,8,33,0.242,28,37,0.757,16,46,62,31,9,7,14,30,120,-6,1
1722,22021,1610612756,PHX,Phoenix Suns,0022100873,2022-02-15,PHX vs. LAC,W,240,44,90,0.489,8,25,0.32,7,10,0.7,12,40,52,30,9,4,17,12,103,7,1
1723,22021,1610612746,LAC,LA Clippers,0022100873,2022-02-15,LAC @ PHX,L,240,40,97,0.412,10,35,0.286,6,9,0.667,13,33,46,26,11,9,14,12,96,-7,1
1724,22021,1610612755,PHI,Philadelphia 76ers,0022100869,2022-02-15,PHI vs. BOS,L,240,23,80,0.288,8,32,0.25,33,39,0.846,12,28,40,17,7,2,9,17,87,-48,1
1725,22021,1610612738,BOS,Boston Celtics,0022100869,2022-02-15,BOS @ PHI,W,240,46,82,0.561,25,45,0.556,18,22,0.818,7,44,51,28,2,10,11,25,135,48,1
1726,22021,1610612739,CLE,Cleveland Cavaliers,0022100867,2022-02-15,CLE @ ATL,L,240,45,88,0.511,16,41,0.39,10,12,0.833,14,25,39,30,8,3,13,23,116,-8,1
1727,22021,1610612737,ATL,Atlanta Hawks,0022100867,2022-02-15,ATL vs. CLE,W,240,43,80,0.538,14,33,0.424,24,27,0.889,7,28,35,25,9,4,11,18,124,8,1
1728,22021,1610612742,DAL,Dallas Mavericks,0022100868,2022-02-15,DAL @ MIA,W,240,34,76,0.447,18,41,0.439,21,33,0.636,12,26,38,27,5,7,9,26,107,8,1
1729,22021,1610612748,MIA,Miami Heat,0022100868,2022-02-15,MIA vs. DAL,L,240,35,84,0.417,7,27,0.259,22,27,0.815,15,33,48,19,1,2,12,23,99,-8,1
1730,22021,1610612763,MEM,Memphis Grizzlies,0022100872,2022-02-15,MEM @ NOP,W,240,47,94,0.5,10,34,0.294,17,27,0.63,18,31,49,29,10,3,13,24,121,12,1
1731,22021,1610612740,NOP,New Orleans Pelicans,0022100872,2022-02-15,NOP vs. MEM,L,240,44,88,0.5,4,26,0.154,17,20,0.85,11,23,34,20,7,5,15,23,109,-12,1
1732,22021,1610612754,IND,Indiana Pacers,0022100870,2022-02-15,IND @ MIL,L,240,47,93,0.505,17,41,0.415,8,19,0.421,10,31,41,32,8,2,12,23,119,-9,1
1733,22021,1610612749,MIL,Milwaukee Bucks,0022100870,2022-02-15,MIL vs. IND,W,240,48,86,0.558,10,29,0.345,22,30,0.733,9,38,47,28,7,0,15,17,128,9,1
1734,22021,1610612757,POR,Portland Trail Blazers,0022100879,2022-02-16,POR @ MEM,W,240,43,85,0.506,13,32,0.406,24,32,0.75,13,30,43,23,6,5,12,27,123,4,1
1735,22021,1610612763,MEM,Memphis Grizzlies,0022100879,2022-02-16,MEM vs. POR,L,240,37,85,0.435,11,30,0.367,34,42,0.81,10,29,39,20,10,7,10,26,119,-4,1
1736,22021,1610612747,LAL,Los Angeles Lakers,0022100884,2022-02-16,LAL vs. UTA,W,240,41,86,0.477,10,36,0.278,14,22,0.636,12,32,44,24,9,7,12,18,106,5,1
1737,22021,1610612762,UTA,Utah Jazz,0022100884,2022-02-16,UTA @ LAL,L,240,37,79,0.468,11,33,0.333,16,19,0.842,8,33,41,17,11,6,13,22,101,-5,1
1738,22021,1610612737,ATL,Atlanta Hawks,0022100874,2022-02-16,ATL @ ORL,W,240,45,90,0.5,18,33,0.545,22,28,0.786,13,34,47,23,7,6,11,20,130,21,1
1739,22021,1610612753,ORL,Orlando Magic,0022100874,2022-02-16,ORL vs. ATL,L,240,42,98,0.429,13,41,0.317,12,13,0.923,12,33,45,23,3,5,13,19,109,-21,1
1740,22021,1610612738,BOS,Boston Celtics,0022100875,2022-02-16,BOS vs. DET,L,240,42,77,0.545,13,32,0.406,14,18,0.778,2,28,30,29,8,6,17,14,111,-1,1
1741,22021,1610612765,DET,Detroit Pistons,0022100875,2022-02-16,DET @ BOS,W,240,43,93,0.462,16,30,0.533,10,13,0.769,18,29,47,28,9,1,17,17,112,1,1
1742,22021,1610612754,IND,Indiana Pacers,0022100876,2022-02-16,IND vs. WAS,W,240,45,83,0.542,4,20,0.2,19,29,0.655,7,33,40,30,9,6,11,14,113,5,1
1743,22021,1610612764,WAS,Washington Wizards,0022100876,2022-02-16,WAS @ IND,L,240,39,91,0.429,17,37,0.459,13,16,0.813,12,32,44,25,7,3,13,20,108,-5,1
1744,22021,1610612751,BKN,Brooklyn Nets,0022100877,2022-02-16,BKN @ NYK,W,240,43,98,0.439,11,34,0.324,14,23,0.609,16,35,51,21,5,1,9,16,111,5,1
1745,22021,1610612752,NYK,New York Knicks,0022100877,2022-02-16,NYK vs. BKN,L,240,37,85,0.435,16,43,0.372,16,18,0.889,10,34,44,22,7,9,10,17,106,-5,1
1746,22021,1610612759,SAS,San Antonio Spurs,0022100881,2022-02-16,SAS @ OKC,W,240,43,98,0.439,10,34,0.294,18,22,0.818,14,43,57,29,3,7,14,15,114,8,1
1747,22021,1610612760,OKC,Oklahoma City Thunder,0022100881,2022-02-16,OKC vs. SAS,L,240,41,105,0.39,11,32,0.344,13,19,0.684,15,35,50,25,6,6,8,19,106,-8,1
1748,22021,1610612761,TOR,Toronto Raptors,0022100880,2022-02-16,TOR @ MIN,W,240,40,88,0.455,8,25,0.32,15,19,0.789,9,39,48,21,7,6,13,21,103,12,1
1749,22021,1610612750,MIN,Minnesota Timberwolves,0022100880,2022-02-16,MIN vs. TOR,L,240,30,77,0.39,10,42,0.238,21,29,0.724,6,36,42,23,6,7,17,18,91,-12,1
1750,22021,1610612758,SAC,Sacramento Kings,0022100878,2022-02-16,SAC @ CHI,L,240,43,84,0.512,12,30,0.4,20,22,0.909,7,29,36,24,9,3,13,14,118,-7,1
1751,22021,1610612741,CHI,Chicago Bulls,0022100878,2022-02-16,CHI vs. SAC,W,240,47,94,0.5,12,29,0.414,19,20,0.95,13,34,47,25,8,2,13,16,125,7,1
1752,22021,1610612756,PHX,Phoenix Suns,0022100882,2022-02-16,PHX vs. HOU,W,240,44,86,0.512,7,24,0.292,29,36,0.806,7,35,42,27,10,7,11,20,124,3,1
1753,22021,1610612745,HOU,Houston Rockets,0022100882,2022-02-16,HOU @ PHX,L,240,42,97,0.433,13,44,0.295,24,28,0.857,13,36,49,23,5,5,16,27,121,-3,1
1754,22021,1610612743,DEN,Denver Nuggets,0022100883,2022-02-16,DEN @ GSW,W,240,43,91,0.473,14,36,0.389,17,21,0.81,12,36,48,27,5,1,19,18,117,1,1
1755,22021,1610612744,GSW,Golden State Warriors,0022100883,2022-02-16,GSW vs. DEN,L,240,45,87,0.517,10,34,0.294,16,24,0.667,8,29,37,26,13,5,11,21,116,-1,1
1756,22021,1610612746,LAC,LA Clippers,0022100888,2022-02-17,LAC vs. HOU,W,240,51,92,0.554,18,35,0.514,22,26,0.846,12,38,50,34,12,5,18,16,142,31,1
1757,22021,1610612745,HOU,Houston Rockets,0022100888,2022-02-17,HOU @ LAC,L,240,42,91,0.462,13,37,0.351,14,19,0.737,12,23,35,29,8,2,19,20,111,-31,1
1758,22021,1610612764,WAS,Washington Wizards,0022100464,2022-02-17,WAS @ BKN,W,240,46,83,0.554,12,24,0.5,13,16,0.813,8,30,38,26,10,7,16,21,117,14,1
1759,22021,1610612751,BKN,Brooklyn Nets,0022100464,2022-02-17,BKN vs. WAS,L,240,36,89,0.404,14,38,0.368,17,24,0.708,15,27,42,19,6,5,16,20,103,-14,1
1760,22021,1610612748,MIA,Miami Heat,0022100885,2022-02-17,MIA @ CHA,W,290,41,102,0.402,14,48,0.292,15,23,0.652,15,41,56,31,4,5,15,23,111,4,1
1761,22021,1610612766,CHA,Charlotte Hornets,0022100885,2022-02-17,CHA vs. MIA,L,290,38,95,0.4,10,42,0.238,21,30,0.7,17,41,58,27,6,4,18,28,107,-4,1
1762,22021,1610612742,DAL,Dallas Mavericks,0022100886,2022-02-17,DAL @ NOP,W,240,44,82,0.537,19,40,0.475,18,25,0.72,7,31,38,18,5,4,9,22,125,7,1
1763,22021,1610612740,NOP,New Orleans Pelicans,0022100886,2022-02-17,NOP vs. DAL,L,240,46,92,0.5,12,28,0.429,14,21,0.667,17,31,48,22,7,0,13,18,118,-7,1
1764,22021,1610612755,PHI,Philadelphia 76ers,0022100887,2022-02-17,PHI @ MIL,W,240,44,88,0.5,12,34,0.353,23,27,0.852,9,37,46,21,2,2,12,23,123,3,1
1765,22021,1610612749,MIL,Milwaukee Bucks,0022100887,2022-02-17,MIL vs. PHI,L,240,42,95,0.442,14,44,0.318,22,28,0.786,12,32,44,20,5,1,7,22,120,-3,1
1766,22021,1610612738,BOS,Boston Celtics,0022100890,2022-02-24,BOS @ BKN,W,240,46,85,0.541,17,42,0.405,20,27,0.741,8,40,48,28,9,3,14,20,129,23,1
1767,22021,1610612751,BKN,Brooklyn Nets,0022100890,2022-02-24,BKN vs. BOS,L,240,39,94,0.415,7,29,0.241,21,28,0.75,8,30,38,25,8,4,11,16,106,-23,1
1768,22021,1610612756,PHX,Phoenix Suns,0022100893,2022-02-24,PHX @ OKC,W,240,46,86,0.535,13,34,0.382,19,21,0.905,3,40,43,32,14,6,16,12,124,20,1
1769,22021,1610612760,OKC,Oklahoma City Thunder,0022100893,2022-02-24,OKC vs. PHX,L,240,44,93,0.473,6,31,0.194,10,11,0.909,7,35,42,22,10,4,16,19,104,-20,1
1770,22021,1610612750,MIN,Minnesota Timberwolves,0022100892,2022-02-24,MIN vs. MEM,W,240,43,93,0.462,16,42,0.381,17,25,0.68,12,30,42,26,6,11,12,27,119,5,1
1771,22021,1610612763,MEM,Memphis Grizzlies,0022100892,2022-02-24,MEM @ MIN,L,240,38,98,0.388,9,31,0.29,29,40,0.725,26,33,59,25,9,7,16,21,114,-5,1
1772,22021,1610612741,CHI,Chicago Bulls,0022100891,2022-02-24,CHI vs. ATL,W,240,41,84,0.488,8,27,0.296,22,27,0.815,6,37,43,16,5,8,9,20,112,4,1
1773,22021,1610612737,ATL,Atlanta Hawks,0022100891,2022-02-24,ATL @ CHI,L,240,41,97,0.423,8,28,0.286,18,27,0.667,13,32,45,20,2,3,10,18,108,-4,1
1774,22021,1610612743,DEN,Denver Nuggets,0022100895,2022-02-24,DEN @ SAC,W,240,48,86,0.558,15,35,0.429,17,20,0.85,3,36,39,30,12,4,17,24,128,18,1
1775,22021,1610612758,SAC,Sacramento Kings,0022100895,2022-02-24,SAC vs. DEN,L,240,43,86,0.5,9,29,0.31,15,18,0.833,6,28,34,25,5,8,15,17,110,-18,1
1776,22021,1610612757,POR,Portland Trail Blazers,0022100894,2022-02-24,POR vs. GSW,L,240,31,79,0.392,9,35,0.257,24,29,0.828,6,25,31,16,5,4,18,29,95,-37,1
1777,22021,1610612744,GSW,Golden State Warriors,0022100894,2022-02-24,GSW @ POR,W,240,45,88,0.511,15,41,0.366,27,32,0.844,10,36,46,36,10,7,12,23,132,37,1
1778,22021,1610612765,DET,Detroit Pistons,0022100889,2022-02-24,DET vs. CLE,W,240,35,86,0.407,11,34,0.324,25,28,0.893,13,36,49,23,8,8,11,24,106,3,1
1779,22021,1610612739,CLE,Cleveland Cavaliers,0022100889,2022-02-24,CLE @ DET,L,240,34,77,0.442,12,35,0.343,23,34,0.676,8,35,43,20,3,7,12,21,103,-3,1
1780,22021,1610612761,TOR,Toronto Raptors,0022100896,2022-02-25,TOR @ CHA,L,240,37,84,0.44,6,23,0.261,13,23,0.565,10,26,36,18,6,4,17,12,93,-32,1
1781,22021,1610612766,CHA,Charlotte Hornets,0022100896,2022-02-25,CHA vs. TOR,W,240,52,94,0.553,15,40,0.375,6,9,0.667,13,39,52,34,10,7,18,20,125,32,1
1782,22021,1610612745,HOU,Houston Rockets,0022100898,2022-02-25,HOU @ ORL,L,240,44,94,0.468,14,47,0.298,9,20,0.45,10,31,41,22,12,3,13,24,111,-8,1
1783,22021,1610612753,ORL,Orlando Magic,0022100898,2022-02-25,ORL vs. HOU,W,240,42,83,0.506,13,36,0.361,22,29,0.759,10,44,54,20,7,4,19,22,119,8,1
1784,22021,1610612759,SAS,San Antonio Spurs,0022100899,2022-02-25,SAS @ WAS,W,290,57,105,0.543,9,29,0.31,34,43,0.791,16,34,50,35,6,3,17,22,157,4,1
1785,22021,1610612764,WAS,Washington Wizards,0022100899,2022-02-25,WAS vs. SAS,L,290,59,108,0.546,16,38,0.421,19,24,0.792,11,28,39,36,10,5,16,29,153,-4,1
1786,22021,1610612752,NYK,New York Knicks,0022100900,2022-02-25,NYK vs. MIA,L,240,30,75,0.4,14,40,0.35,26,36,0.722,5,40,45,19,4,1,18,30,100,-15,1
1787,22021,1610612748,MIA,Miami Heat,0022100900,2022-02-25,MIA @ NYK,W,240,39,83,0.47,11,32,0.344,26,35,0.743,4,40,44,22,13,5,10,28,115,15,1
1788,22021,1610612750,MIN,Minnesota Timberwolves,0022100901,2022-02-25,MIN vs. PHI,L,240,36,86,0.419,9,39,0.231,21,25,0.84,9,32,41,23,4,1,16,27,102,-31,1
1789,22021,1610612755,PHI,Philadelphia 76ers,0022100901,2022-02-25,PHI @ MIN,W,240,42,82,0.512,19,39,0.487,30,36,0.833,6,36,42,30,10,0,12,23,133,31,1
1790,22021,1610612762,UTA,Utah Jazz,0022100903,2022-02-25,UTA vs. DAL,W,240,40,74,0.541,16,38,0.421,18,22,0.818,9,35,44,22,9,4,18,14,114,5,1
1791,22021,1610612742,DAL,Dallas Mavericks,0022100903,2022-02-25,DAL @ UTA,L,240,42,88,0.477,17,39,0.436,8,8,1.0,8,22,30,22,9,3,12,21,109,-5,1
1792,22021,1610612740,NOP,New Orleans Pelicans,0022100902,2022-02-25,NOP @ PHX,W,240,38,87,0.437,8,29,0.276,33,41,0.805,16,37,53,21,10,4,11,18,117,15,1
1793,22021,1610612756,PHX,Phoenix Suns,0022100902,2022-02-25,PHX vs. NOP,L,240,36,82,0.439,12,40,0.3,18,24,0.75,7,30,37,23,6,8,14,27,102,-15,1
1794,22021,1610612746,LAC,LA Clippers,0022100904,2022-02-25,LAC @ LAL,W,240,41,83,0.494,10,26,0.385,13,19,0.684,7,40,47,25,8,8,17,19,105,3,1
1795,22021,1610612747,LAL,Los Angeles Lakers,0022100904,2022-02-25,LAL vs. LAC,L,240,39,93,0.419,8,31,0.258,16,21,0.762,13,34,47,18,8,7,12,17,102,-3,1
1796,22021,1610612760,OKC,Oklahoma City Thunder,0022100897,2022-02-25,OKC @ IND,W,265,50,101,0.495,11,31,0.355,18,24,0.75,11,43,54,23,8,3,11,19,129,4,1
1797,22021,1610612754,IND,Indiana Pacers,0022100897,2022-02-25,IND vs. OKC,L,265,49,101,0.485,14,37,0.378,13,22,0.591,12,39,51,31,8,11,14,19,125,-4,1
1798,22021,1610612738,BOS,Boston Celtics,0022100905,2022-02-26,BOS @ DET,W,240,42,88,0.477,10,26,0.385,19,21,0.905,10,27,37,31,5,6,10,21,113,9,1
1799,22021,1610612765,DET,Detroit Pistons,0022100905,2022-02-26,DET vs. BOS,L,240,39,87,0.448,7,27,0.259,19,22,0.864,10,31,41,18,4,4,14,22,104,-9,1
1800,22021,1610612761,TOR,Toronto Raptors,0022100906,2022-02-26,TOR @ ATL,L,240,38,95,0.4,10,32,0.313,14,19,0.737,11,31,42,25,5,2,13,26,100,-27,1
1801,22021,1610612737,ATL,Atlanta Hawks,0022100906,2022-02-26,ATL vs. TOR,W,240,48,83,0.578,13,31,0.419,18,22,0.818,5,40,45,27,8,8,12,19,127,27,1
1802,22021,1610612764,WAS,Washington Wizards,0022100907,2022-02-26,WAS @ CLE,L,240,35,81,0.432,11,23,0.478,5,6,0.833,7,35,42,19,8,7,18,24,86,-6,1
1803,22021,1610612739,CLE,Cleveland Cavaliers,0022100907,2022-02-26,CLE vs. WAS,W,240,32,83,0.386,8,25,0.32,20,24,0.833,13,36,49,22,9,5,14,10,92,6,1
1804,22021,1610612759,SAS,San Antonio Spurs,0022100908,2022-02-26,SAS @ MIA,L,240,50,90,0.556,14,31,0.452,15,19,0.789,12,34,46,33,5,1,22,31,129,-4,1
1805,22021,1610612748,MIA,Miami Heat,0022100908,2022-02-26,MIA vs. SAS,W,240,47,83,0.566,12,28,0.429,27,38,0.711,4,28,32,25,8,3,12,20,133,4,1
1806,22021,1610612763,MEM,Memphis Grizzlies,0022100909,2022-02-26,MEM @ CHI,W,240,44,100,0.44,7,23,0.304,21,26,0.808,19,42,61,23,5,10,14,24,116,6,1
1807,22021,1610612741,CHI,Chicago Bulls,0022100909,2022-02-26,CHI vs. MEM,L,240,39,93,0.419,9,20,0.45,23,30,0.767,6,35,41,17,9,3,10,17,110,-6,1
1808,22021,1610612749,MIL,Milwaukee Bucks,0022100910,2022-02-26,MIL vs. BKN,L,240,41,78,0.526,16,38,0.421,25,38,0.658,4,39,43,24,4,0,15,26,123,-3,1
1809,22021,1610612751,BKN,Brooklyn Nets,0022100910,2022-02-26,BKN @ MIL,W,240,44,92,0.478,13,34,0.382,25,33,0.758,12,28,40,24,7,5,9,24,126,3,1
1810,22021,1610612743,DEN,Denver Nuggets,0022100911,2022-02-26,DEN vs. SAC,W,240,38,82,0.463,16,43,0.372,23,29,0.793,4,41,45,29,5,2,15,25,115,5,1
1811,22021,1610612758,SAC,Sacramento Kings,0022100911,2022-02-26,SAC @ DEN,L,240,38,89,0.427,9,30,0.3,25,33,0.758,9,36,45,24,4,3,13,25,110,-5,1
1812,22021,1610612765,DET,Detroit Pistons,0022100915,2022-02-27,DET @ CHA,W,265,50,110,0.455,14,40,0.35,13,18,0.722,22,32,54,30,10,3,15,29,127,1,1
1813,22021,1610612766,CHA,Charlotte Hornets,0022100915,2022-02-27,CHA vs. DET,L,265,45,89,0.506,13,31,0.419,23,34,0.676,12,34,46,25,8,8,17,19,126,-1,1
1814,22021,1610612742,DAL,Dallas Mavericks,0022100917,2022-02-27,DAL @ GSW,W,240,39,78,0.5,13,34,0.382,16,20,0.8,6,39,45,16,5,7,18,18,107,6,1
1815,22021,1610612744,GSW,Golden State Warriors,0022100917,2022-02-27,GSW vs. DAL,L,240,39,91,0.429,11,39,0.282,12,20,0.6,12,32,44,27,15,2,11,23,101,-6,1
1816,22021,1610612745,HOU,Houston Rockets,0022100916,2022-02-27,HOU vs. LAC,L,240,35,92,0.38,17,42,0.405,11,18,0.611,6,31,37,26,8,0,7,21,98,-1,1
1817,22021,1610612746,LAC,LA Clippers,0022100916,2022-02-27,LAC @ HOU,W,240,34,77,0.442,11,34,0.324,20,28,0.714,10,49,59,18,4,12,18,22,99,1,1
1818,22021,1610612743,DEN,Denver Nuggets,0022100918,2022-02-27,DEN @ POR,W,240,44,86,0.512,12,37,0.324,24,31,0.774,8,47,55,28,9,5,15,20,124,32,1
1819,22021,1610612757,POR,Portland Trail Blazers,0022100918,2022-02-27,POR vs. DEN,L,240,34,91,0.374,6,36,0.167,18,26,0.692,11,31,42,22,12,3,15,25,92,-32,1
1820,22021,1610612740,NOP,New Orleans Pelicans,0022100919,2022-02-27,NOP @ LAL,W,240,47,92,0.511,13,30,0.433,16,25,0.64,12,39,51,29,16,3,15,19,123,28,1
1821,22021,1610612747,LAL,Los Angeles Lakers,0022100919,2022-02-27,LAL vs. NOP,L,240,35,84,0.417,7,34,0.206,18,20,0.9,7,31,38,15,8,7,23,18,95,-28,1
1822,22021,1610612752,NYK,New York Knicks,0022100912,2022-02-27,NYK vs. PHI,L,240,38,85,0.447,11,33,0.333,22,35,0.629,12,35,47,21,6,2,18,24,109,-16,1
1823,22021,1610612755,PHI,Philadelphia 76ers,0022100912,2022-02-27,PHI @ NYK,W,240,38,78,0.487,10,33,0.303,39,44,0.886,5,38,43,28,13,5,10,26,125,16,1
1824,22021,1610612762,UTA,Utah Jazz,0022100913,2022-02-27,UTA @ PHX,W,240,44,94,0.468,17,40,0.425,13,20,0.65,14,27,41,23,7,6,10,16,118,4,1
1825,22021,1610612756,PHX,Phoenix Suns,0022100913,2022-02-27,PHX vs. UTA,L,240,44,86,0.512,13,28,0.464,13,16,0.813,10,26,36,24,7,5,9,19,114,-4,1
1826,22021,1610612754,IND,Indiana Pacers,0022100914,2022-02-27,IND vs. BOS,W,240,47,90,0.522,17,33,0.515,17,20,0.85,10,39,49,25,7,5,14,23,128,21,1
1827,22021,1610612738,BOS,Boston Celtics,0022100914,2022-02-27,BOS @ IND,L,240,39,91,0.429,12,43,0.279,17,20,0.85,12,28,40,25,5,9,10,13,107,-21,1
1828,22021,1610612754,IND,Indiana Pacers,0022100921,2022-02-28,IND @ ORL,L,240,35,72,0.486,15,36,0.417,18,25,0.72,4,35,39,22,4,6,22,18,103,-16,1
1829,22021,1610612753,ORL,Orlando Magic,0022100921,2022-02-28,ORL vs. IND,W,240,45,96,0.469,12,37,0.324,17,22,0.773,10,29,39,29,10,2,11,19,119,16,1
1830,22021,1610612739,CLE,Cleveland Cavaliers,0022100920,2022-02-28,CLE vs. MIN,L,240,39,74,0.527,15,37,0.405,29,34,0.853,10,28,38,29,5,3,22,17,122,-5,1
1831,22021,1610612750,MIN,Minnesota Timberwolves,0022100920,2022-02-28,MIN @ CLE,W,240,47,86,0.547,18,42,0.429,15,19,0.789,8,23,31,30,12,6,13,31,127,5,1
1832,22021,1610612751,BKN,Brooklyn Nets,0022100726,2022-02-28,BKN vs. TOR,L,240,33,86,0.384,12,35,0.343,19,24,0.792,14,31,45,23,4,5,23,20,97,-36,1
1833,22021,1610612761,TOR,Toronto Raptors,0022100726,2022-02-28,TOR @ BKN,W,240,51,99,0.515,18,38,0.474,13,22,0.591,16,31,47,35,17,5,13,20,133,36,1
1834,22021,1610612741,CHI,Chicago Bulls,0022100922,2022-02-28,CHI @ MIA,L,240,41,84,0.488,7,29,0.241,10,15,0.667,5,33,38,23,9,4,16,24,99,-13,1
1835,22021,1610612748,MIA,Miami Heat,0022100922,2022-02-28,MIA vs. CHI,W,240,40,81,0.494,12,31,0.387,20,26,0.769,9,30,39,28,8,5,14,18,112,13,1
1836,22021,1610612760,OKC,Oklahoma City Thunder,0022100925,2022-02-28,OKC vs. SAC,L,240,40,86,0.465,11,35,0.314,19,27,0.704,7,31,38,28,12,5,17,26,110,-21,1
1837,22021,1610612758,SAC,Sacramento Kings,0022100925,2022-02-28,SAC @ OKC,W,240,49,87,0.563,10,31,0.323,23,30,0.767,11,35,46,30,10,6,17,25,131,21,1
1838,22021,1610612763,MEM,Memphis Grizzlies,0022100923,2022-02-28,MEM vs. SAS,W,240,48,89,0.539,11,26,0.423,11,19,0.579,13,42,55,24,5,6,18,18,118,13,1
1839,22021,1610612759,SAS,San Antonio Spurs,0022100923,2022-02-28,SAS @ MEM,L,240,41,99,0.414,9,32,0.281,14,19,0.737,12,26,38,30,13,3,9,18,105,-13,1
1840,22021,1610612766,CHA,Charlotte Hornets,0022100924,2022-02-28,CHA @ MIL,L,240,36,93,0.387,14,39,0.359,20,32,0.625,9,31,40,22,6,1,9,27,106,-24,1
1841,22021,1610612749,MIL,Milwaukee Bucks,0022100924,2022-02-28,MIL vs. CHA,W,240,40,91,0.44,18,45,0.4,32,37,0.865,17,45,62,25,4,5,13,28,130,24,1
1842,22021,1610612765,DET,Detroit Pistons,0022100926,2022-03-01,DET @ WAS,L,240,43,90,0.478,8,27,0.296,19,23,0.826,14,29,43,23,9,3,12,21,113,-3,1
1843,22021,1610612764,WAS,Washington Wizards,0022100926,2022-03-01,WAS vs. DET,W,240,41,82,0.5,13,26,0.5,21,26,0.808,12,30,42,29,6,8,15,22,116,3,1
1844,22021,1610612761,TOR,Toronto Raptors,0022100928,2022-03-01,TOR vs. BKN,W,240,41,90,0.456,7,23,0.304,20,23,0.87,16,32,48,27,5,2,13,19,109,1,1
1845,22021,1610612751,BKN,Brooklyn Nets,0022100928,2022-03-01,BKN @ TOR,L,240,42,84,0.5,10,25,0.4,14,19,0.737,7,30,37,21,3,5,12,21,108,-1,1
1846,22021,1610612738,BOS,Boston Celtics,0022100927,2022-03-01,BOS vs. ATL,W,240,39,83,0.47,11,35,0.314,18,19,0.947,11,36,47,27,4,8,14,20,107,9,1
1847,22021,1610612737,ATL,Atlanta Hawks,0022100927,2022-03-01,ATL @ BOS,L,240,36,83,0.434,7,31,0.226,19,24,0.792,5,32,37,15,8,4,10,20,98,-9,1
1848,22021,1610612745,HOU,Houston Rockets,0022100929,2022-03-01,HOU vs. LAC,L,240,38,96,0.396,13,39,0.333,11,17,0.647,14,31,45,21,8,6,14,18,100,-13,1
1849,22021,1610612746,LAC,LA Clippers,0022100929,2022-03-01,LAC @ HOU,W,240,42,96,0.438,13,31,0.419,16,17,0.941,17,38,55,24,7,8,16,19,113,13,1
1850,22021,1610612750,MIN,Minnesota Timberwolves,0022100930,2022-03-01,MIN vs. GSW,W,240,47,89,0.528,16,40,0.4,19,23,0.826,6,36,42,27,10,2,16,20,129,15,1
1851,22021,1610612744,GSW,Golden State Warriors,0022100930,2022-03-01,GSW @ MIN,L,240,41,90,0.456,13,45,0.289,19,22,0.864,8,32,40,26,11,3,17,25,114,-15,1
1852,22021,1610612742,DAL,Dallas Mavericks,0022100931,2022-03-01,DAL @ LAL,W,240,41,82,0.5,10,35,0.286,17,27,0.63,10,35,45,24,8,7,14,19,109,5,1
1853,22021,1610612747,LAL,Los Angeles Lakers,0022100931,2022-03-01,LAL vs. DAL,L,240,37,82,0.451,14,34,0.412,16,20,0.8,4,33,37,22,8,6,12,20,104,-5,1
1854,22021,1610612755,PHI,Philadelphia 76ers,0022100934,2022-03-02,PHI vs. NYK,W,240,39,75,0.52,17,36,0.472,28,33,0.848,5,38,43,24,2,8,14,25,123,15,1
1855,22021,1610612752,NYK,New York Knicks,0022100934,2022-03-02,NYK @ PHI,L,240,39,91,0.429,8,28,0.286,22,32,0.688,10,30,40,20,9,3,10,25,108,-15,1
1856,22021,1610612758,SAC,Sacramento Kings,0022100937,2022-03-02,SAC @ NOP,L,240,35,89,0.393,8,35,0.229,17,25,0.68,12,26,38,20,9,4,11,19,95,-30,1
1857,22021,1610612740,NOP,New Orleans Pelicans,0022100937,2022-03-02,NOP vs. SAC,W,240,52,88,0.591,11,29,0.379,10,12,0.833,7,43,50,30,5,5,16,23,125,30,1
1858,22021,1610612748,MIA,Miami Heat,0022100936,2022-03-02,MIA @ MIL,L,240,44,97,0.454,21,44,0.477,10,12,0.833,9,39,48,28,9,4,12,22,119,-1,1
1859,22021,1610612749,MIL,Milwaukee Bucks,0022100936,2022-03-02,MIL vs. MIA,W,240,41,91,0.451,14,36,0.389,24,27,0.889,11,41,52,22,7,3,12,16,120,1,1
1860,22021,1610612743,DEN,Denver Nuggets,0022100938,2022-03-02,DEN vs. OKC,L,240,40,90,0.444,12,46,0.261,15,17,0.882,10,37,47,25,11,2,16,19,107,-12,1
1861,22021,1610612760,OKC,Oklahoma City Thunder,0022100938,2022-03-02,OKC @ DEN,W,240,44,87,0.506,16,29,0.552,15,21,0.714,9,41,50,24,11,6,15,15,119,12,1
1862,22021,1610612756,PHX,Phoenix Suns,0022100939,2022-03-02,PHX vs. POR,W,240,40,80,0.5,14,36,0.389,26,31,0.839,7,39,46,32,14,6,16,21,120,30,1
1863,22021,1610612757,POR,Portland Trail Blazers,0022100939,2022-03-02,POR @ PHX,L,240,30,78,0.385,11,31,0.355,19,25,0.76,5,30,35,22,10,2,19,23,90,-30,1
1864,22021,1610612745,HOU,Houston Rockets,0022100935,2022-03-02,HOU vs. UTA,L,265,43,86,0.5,21,51,0.412,20,30,0.667,5,29,34,27,12,3,17,25,127,-5,1
1865,22021,1610612762,UTA,Utah Jazz,0022100935,2022-03-02,UTA @ HOU,W,265,50,91,0.549,15,42,0.357,17,24,0.708,11,38,49,32,12,2,19,24,132,5,1
1866,22021,1610612766,CHA,Charlotte Hornets,0022100932,2022-03-02,CHA @ CLE,W,240,43,85,0.506,17,38,0.447,16,22,0.727,9,36,45,32,10,5,12,21,119,21,1
1867,22021,1610612739,CLE,Cleveland Cavaliers,0022100932,2022-03-02,CLE vs. CHA,L,240,37,79,0.468,10,31,0.323,14,21,0.667,4,33,37,21,6,1,14,18,98,-21,1
1868,22021,1610612753,ORL,Orlando Magic,0022100933,2022-03-02,ORL vs. IND,L,265,44,97,0.454,10,32,0.313,16,20,0.8,12,40,52,22,12,5,20,28,114,-8,1
1869,22021,1610612754,IND,Indiana Pacers,0022100933,2022-03-02,IND @ ORL,W,265,41,94,0.436,12,37,0.324,28,35,0.8,14,40,54,23,12,7,18,19,122,8,1
1870,22021,1610612737,ATL,Atlanta Hawks,0022100710,2022-03-03,ATL vs. CHI,W,240,44,84,0.524,18,40,0.45,24,28,0.857,8,25,33,26,7,3,6,15,130,6,1
1871,22021,1610612741,CHI,Chicago Bulls,0022100710,2022-03-03,CHI @ ATL,L,240,52,88,0.591,14,26,0.538,6,7,0.857,5,27,32,30,5,2,14,19,124,-6,1
1872,22021,1610612738,BOS,Boston Celtics,0022100940,2022-03-03,BOS vs. MEM,W,240,46,89,0.517,16,37,0.432,12,15,0.8,15,36,51,33,4,7,14,15,120,13,1
1873,22021,1610612763,MEM,Memphis Grizzlies,0022100940,2022-03-03,MEM @ BOS,L,240,42,99,0.424,13,40,0.325,10,13,0.769,17,27,44,24,10,4,7,16,107,-13,1
1874,22021,1610612751,BKN,Brooklyn Nets,0022100941,2022-03-03,BKN vs. MIA,L,240,39,83,0.47,12,31,0.387,17,22,0.773,7,23,30,24,5,5,13,24,107,-6,1
1875,22021,1610612748,MIA,Miami Heat,0022100941,2022-03-03,MIA @ BKN,W,240,40,77,0.519,10,30,0.333,23,28,0.821,5,30,35,27,8,6,15,22,113,6,1
1876,22021,1610612765,DET,Detroit Pistons,0022100942,2022-03-03,DET @ TOR,W,240,38,84,0.452,11,37,0.297,21,28,0.75,11,31,42,25,4,5,10,29,108,2,1
1877,22021,1610612761,TOR,Toronto Raptors,0022100942,2022-03-03,TOR vs. DET,L,240,36,83,0.434,7,26,0.269,27,36,0.75,14,27,41,12,5,4,10,22,106,-2,1
1878,22021,1610612742,DAL,Dallas Mavericks,0022100943,2022-03-03,DAL vs. GSW,W,240,45,85,0.529,17,37,0.459,15,20,0.75,8,24,32,29,7,1,10,16,122,9,1
1879,22021,1610612744,GSW,Golden State Warriors,0022100943,2022-03-03,GSW @ DAL,L,240,44,81,0.543,15,30,0.5,10,13,0.769,10,27,37,26,7,5,15,19,113,-9,1
1880,22021,1610612747,LAL,Los Angeles Lakers,0022100945,2022-03-03,LAL @ LAC,L,240,41,84,0.488,12,35,0.343,17,22,0.773,9,27,36,26,8,4,14,17,111,-21,1
1881,22021,1610612746,LAC,LA Clippers,0022100945,2022-03-03,LAC vs. LAL,W,240,51,93,0.548,17,27,0.63,13,15,0.867,13,33,46,32,10,3,12,22,132,21,1
1882,22021,1610612758,SAC,Sacramento Kings,0022100944,2022-03-03,SAC @ SAS,W,240,39,85,0.459,10,32,0.313,27,32,0.844,9,40,49,26,6,2,14,13,115,3,1
1883,22021,1610612759,SAS,San Antonio Spurs,0022100944,2022-03-03,SAS vs. SAC,L,240,46,93,0.495,12,32,0.375,8,16,0.5,6,34,40,28,8,5,11,24,112,-3,1
1884,22021,1610612760,OKC,Oklahoma City Thunder,0022100951,2022-03-04,OKC vs. MIN,L,240,37,86,0.43,9,35,0.257,18,21,0.857,8,31,39,19,12,4,23,16,101,-37,1
1885,22021,1610612750,MIN,Minnesota Timberwolves,0022100951,2022-03-04,MIN @ OKC,W,240,49,91,0.538,22,47,0.468,18,23,0.783,7,34,41,35,17,7,18,17,138,37,1
1886,22021,1610612739,CLE,Cleveland Cavaliers,0022100947,2022-03-04,CLE @ PHI,L,240,44,82,0.537,10,28,0.357,21,24,0.875,10,31,41,30,5,4,12,22,119,-6,1
1887,22021,1610612755,PHI,Philadelphia 76ers,0022100947,2022-03-04,PHI vs. CLE,W,240,41,75,0.547,14,33,0.424,29,32,0.906,3,27,30,23,8,3,12,24,125,6,1
1888,22021,1610612754,IND,Indiana Pacers,0022100946,2022-03-04,IND @ DET,L,240,39,100,0.39,10,40,0.25,18,28,0.643,21,34,55,24,4,9,14,16,106,-5,1
1889,22021,1610612765,DET,Detroit Pistons,0022100946,2022-03-04,DET vs. IND,W,240,42,94,0.447,15,30,0.5,12,18,0.667,19,33,52,28,5,9,13,22,111,5,1
1890,22021,1610612737,ATL,Atlanta Hawks,0022100948,2022-03-04,ATL @ WAS,W,240,38,91,0.418,13,36,0.361,28,34,0.824,13,26,39,18,6,5,4,16,117,3,1
1891,22021,1610612764,WAS,Washington Wizards,0022100948,2022-03-04,WAS vs. ATL,L,240,46,85,0.541,14,29,0.483,8,9,0.889,7,34,41,37,2,7,14,29,114,-3,1
1892,22021,1610612761,TOR,Toronto Raptors,0022100458,2022-03-04,TOR vs. ORL,L,240,37,93,0.398,12,37,0.324,11,17,0.647,12,42,54,22,2,8,12,18,97,-6,1
1893,22021,1610612753,ORL,Orlando Magic,0022100458,2022-03-04,ORL @ TOR,W,240,36,95,0.379,11,37,0.297,20,21,0.952,12,43,55,24,5,4,11,18,103,6,1
1894,22021,1610612741,CHI,Chicago Bulls,0022100949,2022-03-04,CHI vs. MIL,L,240,47,94,0.5,10,26,0.385,8,11,0.727,5,35,40,25,5,2,12,23,112,-6,1
1895,22021,1610612749,MIL,Milwaukee Bucks,0022100949,2022-03-04,MIL @ CHI,W,240,43,88,0.489,10,31,0.323,22,33,0.667,12,38,50,20,5,5,14,18,118,6,1
1896,22021,1610612762,UTA,Utah Jazz,0022100950,2022-03-04,UTA @ NOP,L,240,31,89,0.348,11,41,0.268,17,26,0.654,22,30,52,15,7,2,21,14,90,-34,1
1897,22021,1610612740,NOP,New Orleans Pelicans,0022100950,2022-03-04,NOP vs. UTA,W,240,50,97,0.515,11,36,0.306,13,17,0.765,15,37,52,29,11,5,11,23,124,34,1
1898,22021,1610612743,DEN,Denver Nuggets,0022100952,2022-03-04,DEN vs. HOU,W,240,39,86,0.453,13,33,0.394,25,31,0.806,10,31,41,27,10,4,10,21,116,15,1
1899,22021,1610612745,HOU,Houston Rockets,0022100952,2022-03-04,HOU @ DEN,L,240,38,83,0.458,10,36,0.278,15,22,0.682,9,35,44,25,4,3,15,21,101,-15,1
1900,22021,1610612756,PHX,Phoenix Suns,0022100953,2022-03-04,PHX vs. NYK,W,240,38,85,0.447,17,34,0.5,22,27,0.815,3,30,33,28,7,3,10,22,115,1,1
1901,22021,1610612752,NYK,New York Knicks,0022100953,2022-03-04,NYK @ PHX,L,240,40,86,0.465,13,29,0.448,21,30,0.7,12,37,49,23,7,5,14,22,114,-1,1
1902,22021,1610612747,LAL,Los Angeles Lakers,0022100959,2022-03-05,LAL vs. GSW,W,240,44,89,0.494,18,41,0.439,18,21,0.857,12,35,47,25,10,6,20,18,124,8,1
1903,22021,1610612744,GSW,Golden State Warriors,0022100959,2022-03-05,GSW @ LAL,L,240,46,92,0.5,15,34,0.441,9,19,0.474,10,31,41,22,11,4,16,20,116,-8,1
1904,22021,1610612758,SAC,Sacramento Kings,0022100954,2022-03-05,SAC @ DAL,L,240,46,94,0.489,9,25,0.36,12,18,0.667,10,35,45,24,5,1,16,28,113,-1,1
1905,22021,1610612742,DAL,Dallas Mavericks,0022100954,2022-03-05,DAL vs. SAC,W,240,40,84,0.476,14,36,0.389,20,27,0.741,10,29,39,22,7,2,10,22,114,1,1
1906,22021,1610612759,SAS,San Antonio Spurs,0022100955,2022-03-05,SAS @ CHA,L,240,45,98,0.459,11,37,0.297,16,20,0.8,13,38,51,28,7,6,10,18,117,-6,1
1907,22021,1610612766,CHA,Charlotte Hornets,0022100955,2022-03-05,CHA vs. SAS,W,240,42,91,0.462,16,42,0.381,23,29,0.793,11,39,50,29,8,5,9,16,123,6,1
1908,22021,1610612753,ORL,Orlando Magic,0022100957,2022-03-05,ORL @ MEM,L,240,37,86,0.43,11,35,0.314,11,16,0.688,1,40,41,25,7,5,12,20,96,-28,1
1909,22021,1610612763,MEM,Memphis Grizzlies,0022100957,2022-03-05,MEM vs. ORL,W,240,46,92,0.5,14,34,0.412,18,27,0.667,6,49,55,25,7,4,8,14,124,28,1
1910,22021,1610612748,MIA,Miami Heat,0022100956,2022-03-05,MIA vs. PHI,W,240,35,72,0.486,13,28,0.464,16,19,0.842,6,32,38,20,6,3,14,19,99,17,1
1911,22021,1610612755,PHI,Philadelphia 76ers,0022100956,2022-03-05,PHI @ MIA,L,240,28,82,0.341,7,41,0.171,19,23,0.826,13,28,41,13,9,4,12,17,82,-17,1
1912,22021,1610612750,MIN,Minnesota Timberwolves,0022100958,2022-03-05,MIN vs. POR,W,240,48,85,0.565,15,37,0.405,24,29,0.828,9,33,42,36,10,7,11,21,135,14,1
1913,22021,1610612757,POR,Portland Trail Blazers,0022100958,2022-03-05,POR @ MIN,L,240,40,85,0.471,16,38,0.421,25,30,0.833,11,30,41,24,5,1,16,23,121,-14,1
1914,22021,1610612749,MIL,Milwaukee Bucks,0022100961,2022-03-06,MIL vs. PHX,W,240,47,87,0.54,15,32,0.469,23,29,0.793,14,34,48,31,9,6,15,19,132,10,1
1915,22021,1610612756,PHX,Phoenix Suns,0022100961,2022-03-06,PHX @ MIL,L,240,50,93,0.538,14,31,0.452,8,11,0.727,6,21,27,33,8,4,11,20,122,-10,1
1916,22021,1610612754,IND,Indiana Pacers,0022100963,2022-03-06,IND @ WAS,L,240,44,85,0.518,10,31,0.323,25,29,0.862,7,35,42,28,3,5,10,22,123,-10,1
1917,22021,1610612764,WAS,Washington Wizards,0022100963,2022-03-06,WAS vs. IND,W,240,45,86,0.523,17,42,0.405,26,32,0.813,5,31,36,33,6,4,6,16,133,10,1
1918,22021,1610612760,OKC,Oklahoma City Thunder,0022100965,2022-03-06,OKC vs. UTA,L,240,39,92,0.424,8,40,0.2,17,19,0.895,11,36,47,20,11,9,8,19,103,-13,1
1919,22021,1610612762,UTA,Utah Jazz,0022100965,2022-03-06,UTA @ OKC,W,240,40,89,0.449,23,52,0.442,13,17,0.765,11,37,48,27,4,4,11,21,116,13,1
1920,22021,1610612745,HOU,Houston Rockets,0022100964,2022-03-06,HOU vs. MEM,W,240,43,82,0.524,13,34,0.382,24,36,0.667,8,37,45,23,4,5,17,22,123,11,1
1921,22021,1610612763,MEM,Memphis Grizzlies,0022100964,2022-03-06,MEM @ HOU,L,240,44,97,0.454,5,26,0.192,19,27,0.704,12,28,40,27,12,8,11,27,112,-11,1
1922,22021,1610612761,TOR,Toronto Raptors,0022100962,2022-03-06,TOR @ CLE,L,240,37,94,0.394,6,24,0.25,16,26,0.615,14,31,45,17,13,3,7,20,96,-8,1
1923,22021,1610612739,CLE,Cleveland Cavaliers,0022100962,2022-03-06,CLE vs. TOR,W,240,39,85,0.459,11,36,0.306,15,23,0.652,15,43,58,24,5,7,19,22,104,8,1
1924,22021,1610612740,NOP,New Orleans Pelicans,0022100967,2022-03-06,NOP @ DEN,L,265,48,101,0.475,14,33,0.424,20,29,0.69,14,35,49,30,9,4,14,30,130,-8,1
1925,22021,1610612743,DEN,Denver Nuggets,0022100967,2022-03-06,DEN vs. NOP,W,265,47,87,0.54,10,33,0.303,34,43,0.791,10,37,47,32,7,8,15,26,138,8,1
1926,22021,1610612752,NYK,New York Knicks,0022100966,2022-03-06,NYK @ LAC,W,240,42,89,0.472,13,29,0.448,19,30,0.633,15,42,57,19,4,5,10,18,116,23,1
1927,22021,1610612746,LAC,LA Clippers,0022100966,2022-03-06,LAC vs. NYK,L,240,33,88,0.375,11,34,0.324,16,22,0.727,9,34,43,17,2,5,10,23,93,-23,1
1928,22021,1610612738,BOS,Boston Celtics,0022100960,2022-03-06,BOS vs. BKN,W,240,40,83,0.482,17,36,0.472,29,38,0.763,10,27,37,25,9,7,10,19,126,6,1
1929,22021,1610612751,BKN,Brooklyn Nets,0022100960,2022-03-06,BKN @ BOS,L,240,45,89,0.506,12,27,0.444,18,20,0.9,12,33,45,24,6,4,16,26,120,-6,1
1930,22021,1610612755,PHI,Philadelphia 76ers,0022100969,2022-03-07,PHI vs. CHI,W,240,41,84,0.488,12,30,0.4,27,34,0.794,8,30,38,29,5,5,10,19,121,15,1
1931,22021,1610612741,CHI,Chicago Bulls,0022100969,2022-03-07,CHI @ PHI,L,240,39,87,0.448,8,24,0.333,20,26,0.769,14,34,48,22,5,4,13,24,106,-15,1
1932,22021,1610612737,ATL,Atlanta Hawks,0022100968,2022-03-07,ATL @ DET,L,265,42,93,0.452,11,38,0.289,15,22,0.682,13,35,48,28,3,6,14,25,110,-3,1
1933,22021,1610612765,DET,Detroit Pistons,0022100968,2022-03-07,DET vs. ATL,W,265,43,93,0.462,12,33,0.364,15,23,0.652,15,32,47,27,7,2,14,27,113,3,1
1934,22021,1610612745,HOU,Houston Rockets,0022100970,2022-03-07,HOU @ MIA,L,240,39,88,0.443,13,43,0.302,15,22,0.682,9,24,33,22,8,7,11,24,106,-17,1
1935,22021,1610612748,MIA,Miami Heat,0022100970,2022-03-07,MIA vs. HOU,W,240,49,91,0.538,14,31,0.452,11,14,0.786,13,37,50,26,3,4,15,17,123,17,1
1936,22021,1610612750,MIN,Minnesota Timberwolves,0022100971,2022-03-07,MIN vs. POR,W,240,38,92,0.413,13,43,0.302,35,44,0.795,19,48,67,21,10,9,22,25,124,43,1
1937,22021,1610612757,POR,Portland Trail Blazers,0022100971,2022-03-07,POR @ MIN,L,240,23,83,0.277,7,28,0.25,28,38,0.737,8,34,42,11,10,5,18,30,81,-43,1
1938,22021,1610612742,DAL,Dallas Mavericks,0022100972,2022-03-07,DAL vs. UTA,W,240,39,88,0.443,17,46,0.37,16,20,0.8,9,34,43,19,9,5,9,21,111,8,1
1939,22021,1610612762,UTA,Utah Jazz,0022100972,2022-03-07,UTA @ DAL,L,240,36,83,0.434,12,31,0.387,19,24,0.792,12,33,45,22,5,6,14,20,103,-8,1
1940,22021,1610612759,SAS,San Antonio Spurs,0022100973,2022-03-07,SAS vs. LAL,W,240,46,84,0.548,9,26,0.346,16,30,0.533,12,35,47,28,6,7,18,18,117,7,1
1941,22021,1610612747,LAL,Los Angeles Lakers,0022100973,2022-03-07,LAL @ SAS,L,240,43,91,0.473,8,26,0.308,16,23,0.696,12,31,43,19,7,3,15,26,110,-7,1
1942,22021,1610612744,GSW,Golden State Warriors,0022100528,2022-03-07,GSW @ DEN,L,240,45,88,0.511,17,40,0.425,17,23,0.739,9,32,41,29,5,0,14,30,124,-7,1
1943,22021,1610612743,DEN,Denver Nuggets,0022100528,2022-03-07,DEN vs. GSW,W,240,46,84,0.548,10,32,0.313,29,41,0.707,7,34,41,39,8,5,9,25,131,7,1
1944,22021,1610612752,NYK,New York Knicks,0022100974,2022-03-07,NYK @ SAC,W,240,47,92,0.511,18,42,0.429,19,23,0.826,9,38,47,19,7,6,9,31,131,16,1
1945,22021,1610612758,SAC,Sacramento Kings,0022100974,2022-03-07,SAC vs. NYK,L,240,39,80,0.488,11,32,0.344,26,36,0.722,4,36,40,23,4,2,12,16,115,-16,1
1946,22021,1610612753,ORL,Orlando Magic,0022100977,2022-03-08,ORL vs. PHX,L,240,35,92,0.38,7,39,0.179,22,25,0.88,8,45,53,17,6,2,12,20,99,-3,1
1947,22021,1610612756,PHX,Phoenix Suns,0022100977,2022-03-08,PHX @ ORL,W,240,35,92,0.38,13,37,0.351,19,23,0.826,7,45,52,24,7,6,10,20,102,3,1
1948,22021,1610612740,NOP,New Orleans Pelicans,0022100978,2022-03-08,NOP @ MEM,L,240,41,88,0.466,11,34,0.324,18,27,0.667,12,33,45,24,9,3,15,18,111,-21,1
1949,22021,1610612763,MEM,Memphis Grizzlies,0022100978,2022-03-08,MEM vs. NOP,W,240,48,101,0.475,16,44,0.364,20,24,0.833,15,37,52,30,8,6,12,20,132,21,1
1950,22021,1610612760,OKC,Oklahoma City Thunder,0022100979,2022-03-08,OKC vs. MIL,L,240,42,84,0.5,16,39,0.41,15,21,0.714,6,30,36,26,6,5,16,20,115,-27,1
1951,22021,1610612749,MIL,Milwaukee Bucks,0022100979,2022-03-08,MIL @ OKC,W,240,53,100,0.53,20,40,0.5,16,20,0.8,16,37,53,35,10,4,13,18,142,27,1
1952,22021,1610612744,GSW,Golden State Warriors,0022100980,2022-03-08,GSW vs. LAC,W,240,44,92,0.478,13,34,0.382,11,13,0.846,10,41,51,33,8,6,16,20,112,15,1
1953,22021,1610612746,LAC,LA Clippers,0022100980,2022-03-08,LAC @ GSW,L,240,33,93,0.355,12,39,0.308,19,23,0.826,12,35,47,23,12,3,13,12,97,-15,1
1954,22021,1610612766,CHA,Charlotte Hornets,0022100975,2022-03-08,CHA vs. BKN,L,240,45,92,0.489,13,41,0.317,18,22,0.818,10,31,41,26,12,3,15,24,121,-11,1
1955,22021,1610612751,BKN,Brooklyn Nets,0022100975,2022-03-08,BKN @ CHA,W,240,46,82,0.561,18,35,0.514,22,29,0.759,6,32,38,33,8,4,16,20,132,11,1
1956,22021,1610612739,CLE,Cleveland Cavaliers,0022100976,2022-03-08,CLE @ IND,W,240,47,94,0.5,9,32,0.281,24,27,0.889,14,26,40,25,13,6,8,16,127,3,1
1957,22021,1610612754,IND,Indiana Pacers,0022100976,2022-03-08,IND vs. CLE,L,240,49,91,0.538,16,32,0.5,10,15,0.667,11,27,38,35,6,7,18,20,124,-3,1
1958,22021,1610612765,DET,Detroit Pistons,0022100982,2022-03-09,DET vs. CHI,L,240,42,82,0.512,11,31,0.355,13,17,0.765,5,27,32,25,6,3,16,25,108,-6,1
1959,22021,1610612741,CHI,Chicago Bulls,0022100982,2022-03-09,CHI @ DET,W,240,40,76,0.526,3,15,0.2,31,35,0.886,2,31,33,19,13,0,11,15,114,6,1
1960,22021,1610612766,CHA,Charlotte Hornets,0022100981,2022-03-09,CHA vs. BOS,L,240,36,85,0.424,8,33,0.242,21,28,0.75,15,31,46,18,8,7,16,15,101,-14,1
1961,22021,1610612738,BOS,Boston Celtics,0022100981,2022-03-09,BOS @ CHA,W,240,46,93,0.495,12,37,0.324,11,14,0.786,16,31,47,30,10,8,11,20,115,14,1
1962,22021,1610612748,MIA,Miami Heat,0022100983,2022-03-09,MIA vs. PHX,L,240,35,88,0.398,10,33,0.303,10,13,0.769,6,32,38,27,8,5,15,9,90,-21,1
1963,22021,1610612756,PHX,Phoenix Suns,0022100983,2022-03-09,PHX @ MIA,W,240,45,99,0.455,11,37,0.297,10,10,1.0,14,41,55,26,8,5,15,18,111,21,1
1964,22021,1610612737,ATL,Atlanta Hawks,0022100984,2022-03-09,ATL @ MIL,L,240,43,86,0.5,11,38,0.289,18,22,0.818,7,37,44,26,6,3,9,20,115,-9,1
1965,22021,1610612749,MIL,Milwaukee Bucks,0022100984,2022-03-09,MIL vs. ATL,W,240,47,94,0.5,12,35,0.343,18,23,0.783,11,39,50,24,7,2,9,19,124,9,1
1966,22021,1610612750,MIN,Minnesota Timberwolves,0022100986,2022-03-09,MIN vs. OKC,W,240,45,86,0.523,22,52,0.423,20,26,0.769,6,42,48,34,10,5,14,18,132,30,1
1967,22021,1610612760,OKC,Oklahoma City Thunder,0022100986,2022-03-09,OKC @ MIN,L,240,36,87,0.414,14,43,0.326,16,24,0.667,9,33,42,26,8,0,16,18,102,-30,1
1968,22021,1610612753,ORL,Orlando Magic,0022100987,2022-03-09,ORL @ NOP,W,240,36,76,0.474,14,37,0.378,22,26,0.846,7,38,45,25,4,1,19,20,108,6,1
1969,22021,1610612740,NOP,New Orleans Pelicans,0022100987,2022-03-09,NOP vs. ORL,L,240,41,93,0.441,7,31,0.226,13,18,0.722,10,31,41,23,11,2,11,22,102,-6,1
1970,22021,1610612747,LAL,Los Angeles Lakers,0022100985,2022-03-09,LAL @ HOU,L,265,47,101,0.465,18,47,0.383,18,26,0.692,12,36,48,25,10,7,16,21,130,-9,1
1971,22021,1610612745,HOU,Houston Rockets,0022100985,2022-03-09,HOU vs. LAL,W,265,52,102,0.51,17,40,0.425,18,19,0.947,10,40,50,25,7,4,20,21,139,9,1
1972,22021,1610612759,SAS,San Antonio Spurs,0022100989,2022-03-09,SAS vs. TOR,L,240,38,84,0.452,9,32,0.281,19,20,0.95,7,29,36,24,5,4,14,18,104,-15,1
1973,22021,1610612761,TOR,Toronto Raptors,0022100989,2022-03-09,TOR @ SAS,W,240,41,85,0.482,11,30,0.367,26,28,0.929,13,34,47,12,7,1,10,23,119,15,1
1974,22021,1610612742,DAL,Dallas Mavericks,0022100988,2022-03-09,DAL vs. NYK,L,240,27,86,0.314,6,44,0.136,17,25,0.68,12,25,37,11,3,4,8,24,77,-30,1
1975,22021,1610612752,NYK,New York Knicks,0022100988,2022-03-09,NYK @ DAL,W,240,36,84,0.429,9,34,0.265,26,33,0.788,14,41,55,20,3,3,13,25,107,30,1
1976,22021,1610612762,UTA,Utah Jazz,0022100990,2022-03-09,UTA vs. POR,W,240,42,81,0.519,17,46,0.37,22,27,0.815,6,44,50,31,3,5,9,23,123,38,1
1977,22021,1610612757,POR,Portland Trail Blazers,0022100990,2022-03-09,POR @ UTA,L,240,29,89,0.326,9,36,0.25,18,22,0.818,9,27,36,19,4,2,10,23,85,-38,1
1978,22021,1610612743,DEN,Denver Nuggets,0022100991,2022-03-09,DEN @ SAC,W,240,40,82,0.488,9,35,0.257,17,19,0.895,10,41,51,26,11,3,20,20,106,6,1
1979,22021,1610612758,SAC,Sacramento Kings,0022100991,2022-03-09,SAC vs. DEN,L,240,38,85,0.447,12,34,0.353,12,18,0.667,8,30,38,24,11,5,16,22,100,-6,1
1980,22021,1610612764,WAS,Washington Wizards,0022100992,2022-03-09,WAS @ LAC,L,240,41,87,0.471,10,27,0.37,17,20,0.85,9,32,41,26,10,3,13,13,109,-6,1
1981,22021,1610612746,LAC,LA Clippers,0022100992,2022-03-09,LAC vs. WAS,W,240,43,86,0.5,16,32,0.5,13,13,1.0,7,34,41,21,6,10,12,15,115,6,1
1982,22021,1610612743,DEN,Denver Nuggets,0022100994,2022-03-10,DEN vs. GSW,L,240,35,84,0.417,7,31,0.226,25,32,0.781,12,37,49,19,5,6,13,20,102,-11,1
1983,22021,1610612744,GSW,Golden State Warriors,0022100994,2022-03-10,GSW @ DEN,W,240,42,88,0.477,14,42,0.333,15,20,0.75,8,28,36,26,9,4,8,25,113,11,1
1984,22021,1610612755,PHI,Philadelphia 76ers,0022100993,2022-03-10,PHI vs. BKN,L,240,30,93,0.323,14,36,0.389,26,30,0.867,17,33,50,19,5,5,20,19,100,-29,1
1985,22021,1610612751,BKN,Brooklyn Nets,0022100993,2022-03-10,BKN @ PHI,W,240,51,91,0.56,18,40,0.45,9,17,0.529,10,35,45,29,13,15,12,22,129,29,1
1986,22021,1610612750,MIN,Minnesota Timberwolves,0022100995,2022-03-11,MIN @ ORL,L,240,41,90,0.456,15,45,0.333,13,13,1.0,5,32,37,24,8,5,9,24,110,-8,1
1987,22021,1610612753,ORL,Orlando Magic,0022100995,2022-03-11,ORL vs. MIN,W,240,40,86,0.465,16,40,0.4,22,25,0.88,10,39,49,31,4,3,12,11,118,8,1
1988,22021,1610612738,BOS,Boston Celtics,0022100997,2022-03-11,BOS vs. DET,W,240,42,90,0.467,6,32,0.188,24,30,0.8,13,34,47,23,10,3,9,19,114,11,1
1989,22021,1610612765,DET,Detroit Pistons,0022100997,2022-03-11,DET @ BOS,L,240,35,83,0.422,10,34,0.294,23,24,0.958,11,31,42,21,4,4,14,22,103,-11,1
1990,22021,1610612742,DAL,Dallas Mavericks,0022100999,2022-03-11,DAL @ HOU,W,240,40,88,0.455,11,36,0.306,22,28,0.786,12,35,47,20,6,8,14,21,113,13,1
1991,22021,1610612745,HOU,Houston Rockets,0022100999,2022-03-11,HOU vs. DAL,L,240,41,86,0.477,6,30,0.2,12,19,0.632,5,34,39,29,9,3,13,23,100,-13,1
1992,22021,1610612748,MIA,Miami Heat,0022100998,2022-03-11,MIA vs. CLE,W,240,41,86,0.477,11,35,0.314,24,27,0.889,8,34,42,28,9,6,9,26,117,12,1
1993,22021,1610612739,CLE,Cleveland Cavaliers,0022100998,2022-03-11,CLE @ MIA,L,240,35,79,0.443,8,25,0.32,27,29,0.931,7,33,40,25,5,2,18,23,105,-12,1
1994,22021,1610612766,CHA,Charlotte Hornets,0022101001,2022-03-11,CHA @ NOP,W,240,52,87,0.598,22,47,0.468,16,20,0.8,6,32,38,41,11,1,14,23,142,22,1
1995,22021,1610612740,NOP,New Orleans Pelicans,0022101001,2022-03-11,NOP vs. CHA,L,240,43,86,0.5,15,39,0.385,19,25,0.76,13,27,40,31,9,2,17,21,120,-22,1
1996,22021,1610612759,SAS,San Antonio Spurs,0022101002,2022-03-11,SAS vs. UTA,W,240,34,85,0.4,6,29,0.207,30,43,0.698,14,40,54,15,8,6,13,20,104,2,1
1997,22021,1610612762,UTA,Utah Jazz,0022101002,2022-03-11,UTA @ SAS,L,240,37,92,0.402,13,40,0.325,15,23,0.652,16,41,57,20,10,8,17,26,102,-2,1
1998,22021,1610612761,TOR,Toronto Raptors,0022101003,2022-03-11,TOR @ PHX,W,240,42,94,0.447,14,32,0.438,19,21,0.905,12,36,48,19,11,4,17,19,117,5,1
1999,22021,1610612756,PHX,Phoenix Suns,0022101003,2022-03-11,PHX vs. TOR,L,240,44,88,0.5,11,36,0.306,13,17,0.765,5,35,40,27,7,8,16,23,112,-5,1
2000,22021,1610612747,LAL,Los Angeles Lakers,0022101004,2022-03-11,LAL vs. WAS,W,240,48,91,0.527,14,31,0.452,12,17,0.706,7,30,37,25,5,3,9,25,122,13,1
2001,22021,1610612764,WAS,Washington Wizards,0022101004,2022-03-11,WAS @ LAL,L,240,39,85,0.459,9,27,0.333,22,33,0.667,14,33,47,21,6,6,11,18,109,-13,1
2002,22021,1610612737,ATL,Atlanta Hawks,0022100996,2022-03-11,ATL vs. LAC,W,240,43,90,0.478,9,31,0.29,17,19,0.895,15,32,47,28,5,3,10,19,112,6,1
2003,22021,1610612746,LAC,LA Clippers,0022100996,2022-03-11,LAC @ ATL,L,240,40,82,0.488,12,32,0.375,14,17,0.824,6,30,36,22,7,3,12,20,106,-6,1
2004,22021,1610612763,MEM,Memphis Grizzlies,0022101000,2022-03-11,MEM vs. NYK,W,240,46,104,0.442,9,26,0.346,17,29,0.586,19,35,54,23,8,16,10,27,118,4,1
2005,22021,1610612752,NYK,New York Knicks,0022101000,2022-03-11,NYK @ MEM,L,240,38,90,0.422,10,25,0.4,28,37,0.757,15,39,54,23,8,6,16,31,114,-4,1
2006,22021,1610612754,IND,Indiana Pacers,0022101007,2022-03-12,IND @ SAS,W,240,45,92,0.489,14,36,0.389,15,15,1.0,9,38,47,23,6,10,13,20,119,11,1
2007,22021,1610612759,SAS,San Antonio Spurs,0022101007,2022-03-12,SAS vs. IND,L,240,42,102,0.412,11,34,0.324,13,16,0.813,15,37,52,28,6,3,12,15,108,-11,1
2008,22021,1610612750,MIN,Minnesota Timberwolves,0022101005,2022-03-12,MIN @ MIA,W,240,35,83,0.422,15,42,0.357,28,32,0.875,6,40,46,21,12,5,15,19,113,9,1
2009,22021,1610612748,MIA,Miami Heat,0022101005,2022-03-12,MIA vs. MIN,L,240,35,88,0.398,15,45,0.333,19,25,0.76,11,42,53,23,7,1,18,24,104,-9,1
2010,22021,1610612739,CLE,Cleveland Cavaliers,0022101006,2022-03-12,CLE @ CHI,L,240,36,86,0.419,5,24,0.208,14,17,0.824,5,35,40,19,7,4,14,19,91,-10,1
2011,22021,1610612741,CHI,Chicago Bulls,0022101006,2022-03-12,CHI vs. CLE,W,240,39,88,0.443,9,21,0.429,14,15,0.933,8,38,46,20,12,5,14,18,101,10,1
2012,22021,1610612744,GSW,Golden State Warriors,0022101008,2022-03-12,GSW vs. MIL,W,240,45,93,0.484,18,45,0.4,14,15,0.933,12,43,55,33,3,7,12,19,122,13,1
2013,22021,1610612749,MIL,Milwaukee Bucks,0022101008,2022-03-12,MIL @ GSW,L,240,38,92,0.413,17,44,0.386,16,23,0.696,8,31,39,27,8,2,5,16,109,-13,1
2014,22021,1610612743,DEN,Denver Nuggets,0022101009,2022-03-12,DEN vs. TOR,L,240,43,78,0.551,11,27,0.407,18,24,0.75,9,30,39,32,4,5,19,23,115,-12,1
2015,22021,1610612761,TOR,Toronto Raptors,0022101009,2022-03-12,TOR @ DEN,W,240,48,102,0.471,12,31,0.387,19,25,0.76,23,27,50,28,12,6,8,23,127,12,1
2016,22021,1610612758,SAC,Sacramento Kings,0022101010,2022-03-12,SAC @ UTA,L,240,47,94,0.5,13,33,0.394,18,21,0.857,8,25,33,27,6,3,7,20,125,-9,1
2017,22021,1610612762,UTA,Utah Jazz,0022101010,2022-03-12,UTA vs. SAC,W,240,48,86,0.558,16,41,0.39,22,31,0.71,10,34,44,21,4,5,10,20,134,9,1
2018,22021,1610612764,WAS,Washington Wizards,0022101011,2022-03-12,WAS @ POR,L,240,39,83,0.47,14,34,0.412,26,27,0.963,9,26,35,26,7,8,15,16,118,-9,1
2019,22021,1610612757,POR,Portland Trail Blazers,0022101011,2022-03-12,POR vs. WAS,W,240,48,93,0.516,11,30,0.367,20,22,0.909,12,31,43,21,10,3,11,21,127,9,1
2020,22021,1610612752,NYK,New York Knicks,0022101012,2022-03-13,NYK @ BKN,L,240,39,83,0.47,11,29,0.379,18,21,0.857,11,29,40,27,8,5,17,21,107,-3,1
2021,22021,1610612751,BKN,Brooklyn Nets,0022101012,2022-03-13,BKN vs. NYK,W,240,44,89,0.494,6,29,0.207,16,22,0.727,12,27,39,30,11,3,14,19,110,3,1
2022,22021,1610612746,LAC,LA Clippers,0022101013,2022-03-13,LAC @ DET,W,240,40,89,0.449,10,30,0.333,16,20,0.8,11,35,46,25,5,3,6,15,106,4,1
2023,22021,1610612765,DET,Detroit Pistons,0022101013,2022-03-13,DET vs. LAC,L,240,36,80,0.45,12,29,0.414,18,20,0.9,8,36,44,23,3,4,10,18,102,-4,1
2024,22021,1610612763,MEM,Memphis Grizzlies,0022101018,2022-03-13,MEM @ OKC,W,240,48,102,0.471,11,29,0.379,18,20,0.9,20,37,57,30,8,5,13,20,125,7,1
2025,22021,1610612760,OKC,Oklahoma City Thunder,0022101018,2022-03-13,OKC vs. MEM,L,240,41,97,0.423,13,41,0.317,23,28,0.821,14,30,44,25,7,8,11,21,118,-7,1
2026,22021,1610612747,LAL,Los Angeles Lakers,0022101019,2022-03-13,LAL @ PHX,L,240,36,81,0.444,16,40,0.4,23,31,0.742,7,30,37,24,4,2,19,14,111,-29,1
2027,22021,1610612756,PHX,Phoenix Suns,0022101019,2022-03-13,PHX vs. LAL,W,240,58,102,0.569,12,33,0.364,12,14,0.857,14,37,51,36,12,5,11,24,140,29,1
2028,22021,1610612738,BOS,Boston Celtics,0022101014,2022-03-13,BOS vs. DAL,L,240,33,88,0.375,9,37,0.243,17,19,0.895,11,34,45,16,8,3,11,12,92,-3,1
2029,22021,1610612742,DAL,Dallas Mavericks,0022101014,2022-03-13,DAL @ BOS,W,240,33,74,0.446,15,37,0.405,14,19,0.737,4,38,42,20,7,5,18,16,95,3,1
2030,22021,1610612753,ORL,Orlando Magic,0022101015,2022-03-13,ORL vs. PHI,L,265,41,91,0.451,18,43,0.419,14,20,0.7,8,42,50,28,7,7,12,27,114,-2,1
2031,22021,1610612755,PHI,Philadelphia 76ers,0022101015,2022-03-13,PHI @ ORL,W,265,35,92,0.38,14,37,0.378,32,37,0.865,10,35,45,21,7,3,8,17,116,2,1
2032,22021,1610612745,HOU,Houston Rockets,0022101017,2022-03-13,HOU @ NOP,L,240,39,77,0.506,12,31,0.387,15,25,0.6,9,30,39,24,3,4,25,26,105,-25,1
2033,22021,1610612740,NOP,New Orleans Pelicans,0022101017,2022-03-13,NOP vs. HOU,W,240,48,93,0.516,10,32,0.313,24,34,0.706,14,31,45,30,17,3,11,20,130,25,1
2034,22021,1610612737,ATL,Atlanta Hawks,0022101016,2022-03-13,ATL vs. IND,W,240,46,84,0.548,17,38,0.447,22,24,0.917,9,27,36,27,9,3,12,21,131,3,1
2035,22021,1610612754,IND,Indiana Pacers,0022101016,2022-03-13,IND @ ATL,L,240,46,89,0.517,15,35,0.429,21,26,0.808,15,28,43,23,7,4,15,21,128,-3,1
2036,22021,1610612746,LAC,LA Clippers,0022101020,2022-03-14,LAC @ CLE,L,265,43,98,0.439,12,36,0.333,13,17,0.765,12,31,43,29,5,8,11,24,111,-9,1
2037,22021,1610612739,CLE,Cleveland Cavaliers,0022101020,2022-03-14,CLE vs. LAC,W,265,41,86,0.477,15,30,0.5,23,32,0.719,12,37,49,28,7,4,12,19,120,9,1
2038,22021,1610612755,PHI,Philadelphia 76ers,0022101022,2022-03-14,PHI vs. DEN,L,240,36,84,0.429,12,33,0.364,26,32,0.813,11,37,48,25,8,6,13,17,110,-4,1
2039,22021,1610612743,DEN,Denver Nuggets,0022101022,2022-03-14,DEN @ PHI,W,240,44,82,0.537,13,33,0.394,13,20,0.65,6,36,42,29,8,3,14,24,114,4,1
2040,22021,1610612757,POR,Portland Trail Blazers,0022101021,2022-03-14,POR @ ATL,L,240,44,88,0.5,10,24,0.417,15,21,0.714,11,45,56,25,4,9,21,25,113,-9,1
2041,22021,1610612737,ATL,Atlanta Hawks,0022101021,2022-03-14,ATL vs. POR,W,240,40,109,0.367,12,48,0.25,30,32,0.938,17,32,49,28,13,6,4,15,122,9,1
2042,22021,1610612750,MIN,Minnesota Timberwolves,0022101024,2022-03-14,MIN @ SAS,W,240,52,90,0.578,17,33,0.515,28,32,0.875,7,33,40,28,8,3,16,20,149,10,1
2043,22021,1610612759,SAS,San Antonio Spurs,0022101024,2022-03-14,SAS vs. MIN,L,240,52,97,0.536,13,35,0.371,22,26,0.846,9,27,36,33,5,11,15,24,139,-10,1
2044,22021,1610612758,SAC,Sacramento Kings,0022101026,2022-03-14,SAC vs. CHI,W,240,39,82,0.476,10,25,0.4,24,26,0.923,7,38,45,25,10,3,16,21,112,9,1
2045,22021,1610612741,CHI,Chicago Bulls,0022101026,2022-03-14,CHI @ SAC,L,240,36,88,0.409,10,34,0.294,21,22,0.955,9,31,40,22,5,5,15,20,103,-9,1
2046,22021,1610612764,WAS,Washington Wizards,0022101025,2022-03-14,WAS @ GSW,L,240,42,82,0.512,10,26,0.385,18,23,0.783,5,30,35,28,7,1,12,18,112,-14,1
2047,22021,1610612744,GSW,Golden State Warriors,0022101025,2022-03-14,GSW vs. WAS,W,240,45,84,0.536,18,45,0.4,18,22,0.818,6,38,44,26,7,4,13,21,126,14,1
2048,22021,1610612749,MIL,Milwaukee Bucks,0022101027,2022-03-14,MIL @ UTA,W,240,40,86,0.465,12,31,0.387,25,29,0.862,6,36,42,21,10,3,14,19,117,6,1
2049,22021,1610612762,UTA,Utah Jazz,0022101027,2022-03-14,UTA vs. MIL,L,240,37,93,0.398,17,48,0.354,20,24,0.833,13,32,45,21,7,4,14,23,111,-6,1
2050,22021,1610612747,LAL,Los Angeles Lakers,0022101028,2022-03-14,LAL vs. TOR,L,240,34,87,0.391,13,42,0.31,22,29,0.759,9,34,43,20,7,7,13,27,103,-11,1
2051,22021,1610612761,TOR,Toronto Raptors,0022101028,2022-03-14,TOR @ LAL,W,240,39,96,0.406,10,37,0.27,26,36,0.722,19,45,64,24,8,9,13,20,114,11,1
2052,22021,1610612766,CHA,Charlotte Hornets,0022101023,2022-03-14,CHA @ OKC,W,240,49,91,0.538,20,35,0.571,16,21,0.762,8,29,37,33,12,7,6,17,134,18,1
2053,22021,1610612760,OKC,Oklahoma City Thunder,0022101023,2022-03-14,OKC vs. CHA,L,240,42,90,0.467,16,44,0.364,16,19,0.842,13,36,49,31,4,3,18,19,116,-18,1
2054,22021,1610612765,DET,Detroit Pistons,0022101031,2022-03-15,DET @ MIA,L,240,37,80,0.463,10,34,0.294,14,22,0.636,6,33,39,23,6,5,13,30,98,-7,1
2055,22021,1610612748,MIA,Miami Heat,0022101031,2022-03-15,MIA vs. DET,W,240,29,72,0.403,12,33,0.364,35,39,0.897,7,37,44,20,1,1,13,21,105,7,1
2056,22021,1610612740,NOP,New Orleans Pelicans,0022101032,2022-03-15,NOP vs. PHX,L,240,43,86,0.5,12,34,0.353,17,24,0.708,13,32,45,29,7,4,17,19,115,-16,1
2057,22021,1610612756,PHX,Phoenix Suns,0022101032,2022-03-15,PHX @ NOP,W,240,49,90,0.544,18,34,0.529,15,15,1.0,6,28,34,35,9,2,9,22,131,16,1
2058,22021,1610612753,ORL,Orlando Magic,0022101030,2022-03-15,ORL vs. BKN,L,240,36,95,0.379,15,41,0.366,21,27,0.778,11,26,37,25,2,4,12,25,108,-42,1
2059,22021,1610612751,BKN,Brooklyn Nets,0022101030,2022-03-15,BKN @ ORL,W,240,53,88,0.602,16,27,0.593,28,34,0.824,7,41,48,35,9,4,13,23,150,42,1
2060,22021,1610612754,IND,Indiana Pacers,0022101029,2022-03-15,IND vs. MEM,L,240,41,98,0.418,6,30,0.2,14,19,0.737,16,33,49,23,4,3,19,21,102,-33,1
2061,22021,1610612763,MEM,Memphis Grizzlies,0022101029,2022-03-15,MEM @ IND,W,240,54,105,0.514,15,40,0.375,12,20,0.6,18,33,51,38,11,11,10,16,135,33,1
2062,22021,1610612747,LAL,Los Angeles Lakers,0022101039,2022-03-16,LAL @ MIN,L,240,39,93,0.419,10,44,0.227,16,23,0.696,13,25,38,23,7,4,14,25,104,-20,1
2063,22021,1610612750,MIN,Minnesota Timberwolves,0022101039,2022-03-16,MIN vs. LAL,W,240,40,90,0.444,17,42,0.405,27,31,0.871,15,36,51,22,7,6,17,23,124,20,1
2064,22021,1610612760,OKC,Oklahoma City Thunder,0022101040,2022-03-16,OKC @ SAS,L,240,43,82,0.524,13,35,0.371,21,29,0.724,10,37,47,24,11,1,19,18,120,-2,1
2065,22021,1610612759,SAS,San Antonio Spurs,0022101040,2022-03-16,SAS vs. OKC,W,240,43,98,0.439,19,41,0.463,17,20,0.85,15,33,48,31,10,2,12,18,122,2,1
2066,22021,1610612741,CHI,Chicago Bulls,0022101041,2022-03-16,CHI @ UTA,L,240,43,91,0.473,12,34,0.353,12,17,0.706,5,32,37,28,10,2,12,22,110,-15,1
2067,22021,1610612762,UTA,Utah Jazz,0022101041,2022-03-16,UTA vs. CHI,W,240,42,83,0.506,19,39,0.487,22,29,0.759,10,37,47,20,8,6,17,18,125,15,1
2068,22021,1610612758,SAC,Sacramento Kings,0022101043,2022-03-16,SAC vs. MIL,L,240,46,94,0.489,16,43,0.372,18,21,0.857,7,32,39,27,8,5,15,21,126,-9,1
2069,22021,1610612749,MIL,Milwaukee Bucks,0022101043,2022-03-16,MIL @ SAC,W,240,47,89,0.528,18,35,0.514,23,32,0.719,8,39,47,21,12,3,13,19,135,9,1
2070,22021,1610612738,BOS,Boston Celtics,0022101042,2022-03-16,BOS @ GSW,W,240,38,81,0.469,15,40,0.375,19,22,0.864,8,45,53,23,4,4,10,15,110,22,1
2071,22021,1610612744,GSW,Golden State Warriors,0022101042,2022-03-16,GSW vs. BOS,L,240,32,86,0.372,11,48,0.229,13,16,0.813,7,31,38,19,8,4,8,21,88,-22,1
2072,22021,1610612761,TOR,Toronto Raptors,0022101044,2022-03-16,TOR @ LAC,W,240,38,83,0.458,11,32,0.344,16,21,0.762,13,30,43,14,5,1,11,12,103,3,1
2073,22021,1610612746,LAC,LA Clippers,0022101044,2022-03-16,LAC vs. TOR,L,240,38,78,0.487,11,30,0.367,13,15,0.867,10,31,41,27,7,2,14,15,100,-3,1
2074,22021,1610612737,ATL,Atlanta Hawks,0022101033,2022-03-16,ATL @ CHA,L,240,40,93,0.43,13,37,0.351,13,14,0.929,12,31,43,28,6,2,13,23,106,-10,1
2075,22021,1610612766,CHA,Charlotte Hornets,0022101033,2022-03-16,CHA vs. ATL,W,240,43,87,0.494,11,35,0.314,19,23,0.826,11,32,43,30,8,8,9,18,116,10,1
2076,22021,1610612755,PHI,Philadelphia 76ers,0022101034,2022-03-16,PHI @ CLE,W,240,41,79,0.519,12,32,0.375,24,28,0.857,7,32,39,24,6,2,11,25,118,4,1
2077,22021,1610612739,CLE,Cleveland Cavaliers,0022101034,2022-03-16,CLE vs. PHI,L,240,39,80,0.488,9,28,0.321,27,32,0.844,8,31,39,25,9,4,9,17,114,-4,1
2078,22021,1610612743,DEN,Denver Nuggets,0022101035,2022-03-16,DEN @ WAS,W,240,46,90,0.511,15,37,0.405,20,21,0.952,8,33,41,30,7,3,10,25,127,18,1
2079,22021,1610612764,WAS,Washington Wizards,0022101035,2022-03-16,WAS vs. DEN,L,240,41,87,0.471,5,23,0.217,22,31,0.71,13,35,48,26,7,8,11,18,109,-18,1
2080,22021,1610612752,NYK,New York Knicks,0022101037,2022-03-16,NYK vs. POR,W,240,40,80,0.5,16,38,0.421,32,39,0.821,9,38,47,31,9,8,11,14,128,30,1
2081,22021,1610612757,POR,Portland Trail Blazers,0022101037,2022-03-16,POR @ NYK,L,240,40,91,0.44,11,34,0.324,7,14,0.5,10,31,41,26,1,3,12,31,98,-30,1
2082,22021,1610612742,DAL,Dallas Mavericks,0022101036,2022-03-16,DAL @ BKN,W,240,41,83,0.494,12,34,0.353,19,19,1.0,9,28,37,21,5,2,11,17,113,2,1
2083,22021,1610612751,BKN,Brooklyn Nets,0022101036,2022-03-16,BKN vs. DAL,L,240,45,91,0.495,9,26,0.346,12,15,0.8,19,26,45,28,2,2,11,21,111,-2,1
2084,22021,1610612756,PHX,Phoenix Suns,0022101038,2022-03-16,PHX @ HOU,W,240,53,95,0.558,13,33,0.394,10,13,0.769,13,36,49,32,5,4,11,18,129,17,1
2085,22021,1610612745,HOU,Houston Rockets,0022101038,2022-03-16,HOU vs. PHX,L,240,42,85,0.494,16,39,0.41,12,19,0.632,9,24,33,26,9,3,12,13,112,-17,1
2086,22021,1610612753,ORL,Orlando Magic,0022101045,2022-03-17,ORL vs. DET,L,240,47,97,0.485,11,30,0.367,15,21,0.714,10,35,45,24,3,4,14,21,120,-14,1
2087,22021,1610612765,DET,Detroit Pistons,0022101045,2022-03-17,DET @ ORL,W,240,47,94,0.5,20,43,0.465,20,31,0.645,10,35,45,34,11,3,9,21,134,14,1
2088,22021,1610612742,DAL,Dallas Mavericks,0022101046,2022-03-18,DAL @ PHI,L,240,37,80,0.463,12,32,0.375,15,21,0.714,11,29,40,21,4,3,12,17,101,-10,1
2089,22021,1610612755,PHI,Philadelphia 76ers,0022101046,2022-03-18,PHI vs. DAL,W,240,37,75,0.493,16,38,0.421,21,23,0.913,5,33,38,23,9,4,12,21,111,10,1
2090,22021,1610612763,MEM,Memphis Grizzlies,0022101047,2022-03-18,MEM @ ATL,L,240,40,86,0.465,8,22,0.364,17,23,0.739,15,33,48,18,6,10,17,18,105,-15,1
2091,22021,1610612737,ATL,Atlanta Hawks,0022101047,2022-03-18,ATL vs. MEM,W,240,45,91,0.495,13,28,0.464,17,21,0.81,7,33,40,28,12,6,10,20,120,15,1
2092,22021,1610612752,NYK,New York Knicks,0022101050,2022-03-18,NYK vs. WAS,W,240,31,90,0.344,10,33,0.303,28,36,0.778,19,41,60,18,9,3,13,20,100,3,1
2093,22021,1610612764,WAS,Washington Wizards,0022101050,2022-03-18,WAS @ NYK,L,240,34,79,0.43,13,34,0.382,16,21,0.762,3,35,38,19,2,6,13,27,97,-3,1
2094,22021,1610612751,BKN,Brooklyn Nets,0022101048,2022-03-18,BKN vs. POR,W,240,45,77,0.584,10,25,0.4,28,33,0.848,13,32,45,24,7,4,21,22,128,5,1
2095,22021,1610612757,POR,Portland Trail Blazers,0022101048,2022-03-18,POR @ BKN,L,240,48,96,0.5,13,35,0.371,14,24,0.583,17,20,37,29,14,4,14,26,123,-5,1
2096,22021,1610612743,DEN,Denver Nuggets,0022101049,2022-03-18,DEN @ CLE,L,265,46,92,0.5,10,33,0.303,14,18,0.778,13,38,51,35,6,3,19,24,116,-3,1
2097,22021,1610612739,CLE,Cleveland Cavaliers,0022101049,2022-03-18,CLE vs. DEN,W,265,44,98,0.449,14,37,0.378,17,26,0.654,15,31,46,31,11,4,11,17,119,3,1
2098,22021,1610612761,TOR,Toronto Raptors,0022101051,2022-03-18,TOR vs. LAL,L,265,49,97,0.505,12,37,0.324,13,20,0.65,16,30,46,25,8,2,12,19,123,-5,1
2099,22021,1610612747,LAL,Los Angeles Lakers,0022101051,2022-03-18,LAL @ TOR,W,265,47,96,0.49,19,43,0.442,15,21,0.714,13,30,43,33,6,4,14,19,128,5,1
2100,22021,1610612748,MIA,Miami Heat,0022101052,2022-03-18,MIA vs. OKC,W,240,46,95,0.484,18,51,0.353,10,12,0.833,11,35,46,25,5,0,6,19,120,12,1
2101,22021,1610612760,OKC,Oklahoma City Thunder,0022101052,2022-03-18,OKC @ MIA,L,240,40,84,0.476,10,34,0.294,18,23,0.783,11,36,47,19,4,5,12,10,108,-12,1
2102,22021,1610612745,HOU,Houston Rockets,0022101053,2022-03-18,HOU vs. IND,L,240,39,79,0.494,12,27,0.444,28,32,0.875,5,37,42,24,9,8,16,19,118,-3,1
2103,22021,1610612754,IND,Indiana Pacers,0022101053,2022-03-18,IND @ HOU,W,240,47,101,0.465,14,43,0.326,13,19,0.684,16,30,46,29,7,4,13,26,121,3,1
2104,22021,1610612759,SAS,San Antonio Spurs,0022101054,2022-03-18,SAS vs. NOP,L,240,32,89,0.36,11,44,0.25,16,20,0.8,8,32,40,22,5,4,16,12,91,-33,1
2105,22021,1610612740,NOP,New Orleans Pelicans,0022101054,2022-03-18,NOP @ SAS,W,240,48,96,0.5,14,34,0.412,14,18,0.778,13,45,58,24,13,4,10,21,124,33,1
2106,22021,1610612746,LAC,LA Clippers,0022101055,2022-03-18,LAC @ UTA,L,240,31,86,0.36,11,35,0.314,19,21,0.905,8,35,43,23,10,8,12,13,92,-29,1
2107,22021,1610612762,UTA,Utah Jazz,0022101055,2022-03-18,UTA vs. LAC,W,240,47,97,0.485,16,44,0.364,11,14,0.786,15,44,59,30,9,5,12,18,121,29,1
2108,22021,1610612758,SAC,Sacramento Kings,0022101057,2022-03-18,SAC vs. BOS,L,240,33,79,0.418,13,36,0.361,18,24,0.75,8,29,37,23,5,6,16,14,97,-29,1
2109,22021,1610612738,BOS,Boston Celtics,0022101057,2022-03-18,BOS @ SAC,W,240,46,82,0.561,22,40,0.55,12,17,0.706,6,37,43,33,11,1,13,23,126,29,1
2110,22021,1610612741,CHI,Chicago Bulls,0022101056,2022-03-18,CHI @ PHX,L,240,35,85,0.412,7,27,0.259,25,31,0.806,13,24,37,20,6,0,11,18,102,-27,1
2111,22021,1610612756,PHX,Phoenix Suns,0022101056,2022-03-18,PHX vs. CHI,W,240,47,84,0.56,11,25,0.44,24,26,0.923,10,39,49,23,5,4,13,20,129,27,1
2112,22021,1610612749,MIL,Milwaukee Bucks,0022101058,2022-03-19,MIL @ MIN,L,240,43,97,0.443,19,52,0.365,14,17,0.824,14,37,51,27,6,4,14,18,119,-19,1
2113,22021,1610612750,MIN,Minnesota Timberwolves,0022101058,2022-03-19,MIN vs. MIL,W,240,47,92,0.511,22,47,0.468,22,26,0.846,8,36,44,30,12,2,11,19,138,19,1
2114,22021,1610612742,DAL,Dallas Mavericks,0022101059,2022-03-19,DAL @ CHA,L,240,39,89,0.438,14,38,0.368,16,20,0.8,12,32,44,18,4,4,15,26,108,-21,1
2115,22021,1610612766,CHA,Charlotte Hornets,0022101059,2022-03-19,CHA vs. DAL,W,240,44,88,0.5,20,42,0.476,21,27,0.778,10,36,46,33,8,8,9,18,129,21,1
2116,22021,1610612739,CLE,Cleveland Cavaliers,0022101060,2022-03-19,CLE vs. DET,W,240,45,88,0.511,10,26,0.385,13,23,0.565,12,32,44,28,7,4,16,16,113,4,1
2117,22021,1610612765,DET,Detroit Pistons,0022101060,2022-03-19,DET @ CLE,L,240,41,85,0.482,13,30,0.433,14,19,0.737,10,28,38,23,10,6,16,22,109,-4,1
2118,22021,1610612747,LAL,Los Angeles Lakers,0022101061,2022-03-19,LAL @ WAS,L,240,48,91,0.527,13,35,0.371,10,11,0.909,9,32,41,25,3,1,15,23,119,-8,1
2119,22021,1610612764,WAS,Washington Wizards,0022101061,2022-03-19,WAS vs. LAL,W,240,44,85,0.518,13,31,0.419,26,31,0.839,7,29,36,30,10,1,8,13,127,8,1
2120,22021,1610612740,NOP,New Orleans Pelicans,0022101064,2022-03-20,NOP @ ATL,W,240,43,96,0.448,7,21,0.333,24,27,0.889,18,36,54,22,12,1,16,23,117,5,1
2121,22021,1610612737,ATL,Atlanta Hawks,0022101064,2022-03-20,ATL vs. NOP,L,240,41,87,0.471,10,32,0.313,20,23,0.87,7,33,40,22,7,4,16,22,112,-5,1
2122,22021,1610612758,SAC,Sacramento Kings,0022101066,2022-03-20,SAC vs. PHX,L,265,39,91,0.429,16,34,0.471,30,36,0.833,9,33,42,27,12,2,15,21,124,-3,1
2123,22021,1610612756,PHX,Phoenix Suns,0022101066,2022-03-20,PHX @ SAC,W,265,46,92,0.5,12,28,0.429,23,27,0.852,10,40,50,25,12,5,18,30,127,3,1
2124,22021,1610612762,UTA,Utah Jazz,0022101067,2022-03-20,UTA @ NYK,W,240,34,74,0.459,17,46,0.37,23,29,0.793,9,40,49,16,9,11,12,17,108,15,1
2125,22021,1610612752,NYK,New York Knicks,0022101067,2022-03-20,NYK vs. UTA,L,240,31,83,0.373,16,40,0.4,15,21,0.714,10,27,37,20,7,2,11,19,93,-15,1
2126,22021,1610612738,BOS,Boston Celtics,0022101068,2022-03-20,BOS @ DEN,W,240,47,82,0.573,19,40,0.475,11,11,1.0,5,33,38,29,4,6,9,18,124,20,1
2127,22021,1610612743,DEN,Denver Nuggets,0022101068,2022-03-20,DEN vs. BOS,L,240,35,87,0.402,14,39,0.359,20,25,0.8,13,28,41,22,4,3,11,15,104,-20,1
2128,22021,1610612755,PHI,Philadelphia 76ers,0022101069,2022-03-20,PHI vs. TOR,L,240,30,73,0.411,7,27,0.259,21,28,0.75,5,35,40,21,7,5,10,23,88,-5,1
2129,22021,1610612761,TOR,Toronto Raptors,0022101069,2022-03-20,TOR @ PHI,W,240,35,93,0.376,7,26,0.269,16,23,0.696,20,36,56,16,5,4,9,16,93,5,1
2130,22021,1610612744,GSW,Golden State Warriors,0022101070,2022-03-20,GSW vs. SAS,L,240,41,90,0.456,11,33,0.333,15,21,0.714,20,37,57,26,5,1,15,20,108,-2,1
2131,22021,1610612759,SAS,San Antonio Spurs,0022101070,2022-03-20,SAS @ GSW,W,240,38,98,0.388,15,40,0.375,19,25,0.76,17,27,44,25,7,2,11,18,110,2,1
2132,22021,1610612760,OKC,Oklahoma City Thunder,0022101065,2022-03-20,OKC @ ORL,L,240,30,92,0.326,13,48,0.271,12,18,0.667,14,33,47,19,13,7,16,24,85,-5,1
2133,22021,1610612753,ORL,Orlando Magic,0022101065,2022-03-20,ORL vs. OKC,W,240,32,83,0.386,7,31,0.226,19,24,0.792,15,45,60,22,11,4,21,17,90,5,1
2134,22021,1610612754,IND,Indiana Pacers,0022101062,2022-03-20,IND vs. POR,W,240,48,84,0.571,15,35,0.429,18,21,0.857,11,30,41,38,10,2,16,19,129,31,1
2135,22021,1610612757,POR,Portland Trail Blazers,0022101062,2022-03-20,POR @ IND,L,240,38,81,0.469,9,33,0.273,13,18,0.722,10,22,32,23,10,3,18,19,98,-31,1
2136,22021,1610612745,HOU,Houston Rockets,0022101063,2022-03-20,HOU vs. MEM,L,240,37,86,0.43,10,31,0.323,14,24,0.583,5,40,45,26,6,3,17,16,98,-24,1
2137,22021,1610612763,MEM,Memphis Grizzlies,0022101063,2022-03-20,MEM @ HOU,W,240,46,96,0.479,16,34,0.471,14,17,0.824,7,44,51,26,14,6,14,24,122,24,1
2138,22021,1610612766,CHA,Charlotte Hornets,0022101071,2022-03-21,CHA vs. NOP,W,240,40,79,0.506,13,37,0.351,13,15,0.867,5,30,35,34,5,10,17,19,106,3,1
2139,22021,1610612740,NOP,New Orleans Pelicans,0022101071,2022-03-21,NOP @ CHA,L,240,40,90,0.444,9,24,0.375,14,16,0.875,15,32,47,23,9,4,15,16,103,-3,1
2140,22021,1610612739,CLE,Cleveland Cavaliers,0022101072,2022-03-21,CLE vs. LAL,L,240,45,86,0.523,14,39,0.359,16,19,0.842,8,30,38,29,3,2,12,19,120,-11,1
2141,22021,1610612747,LAL,Los Angeles Lakers,0022101072,2022-03-21,LAL @ CLE,W,240,53,94,0.564,12,32,0.375,13,16,0.813,9,32,41,34,7,3,8,19,131,11,1
2142,22021,1610612755,PHI,Philadelphia 76ers,0022101074,2022-03-21,PHI vs. MIA,W,240,43,86,0.5,15,37,0.405,12,16,0.75,11,34,45,26,6,4,12,20,113,7,1
2143,22021,1610612748,MIA,Miami Heat,0022101074,2022-03-21,MIA @ PHI,L,240,38,80,0.475,10,33,0.303,20,20,1.0,4,30,34,23,6,4,12,16,106,-7,1
2144,22021,1610612762,UTA,Utah Jazz,0022101075,2022-03-21,UTA @ BKN,L,240,37,83,0.446,14,39,0.359,18,22,0.818,11,26,37,18,8,7,14,16,106,-8,1
2145,22021,1610612751,BKN,Brooklyn Nets,0022101075,2022-03-21,BKN vs. UTA,W,240,45,83,0.542,11,30,0.367,13,15,0.867,7,34,41,31,5,4,14,19,114,8,1
2146,22021,1610612765,DET,Detroit Pistons,0022101073,2022-03-21,DET vs. POR,L,240,36,85,0.424,9,35,0.257,34,41,0.829,12,36,48,22,8,5,20,34,115,-4,1
2147,22021,1610612757,POR,Portland Trail Blazers,0022101073,2022-03-21,POR @ DET,W,240,37,88,0.42,8,28,0.286,37,49,0.755,17,30,47,22,15,7,9,26,119,4,1
2148,22021,1610612741,CHI,Chicago Bulls,0022101076,2022-03-21,CHI vs. TOR,W,240,44,90,0.489,11,28,0.393,14,24,0.583,14,28,42,28,6,7,6,14,113,14,1
2149,22021,1610612761,TOR,Toronto Raptors,0022101076,2022-03-21,TOR @ CHI,L,240,40,91,0.44,6,32,0.188,13,15,0.867,14,35,49,26,5,6,14,20,99,-14,1
2150,22021,1610612745,HOU,Houston Rockets,0022101077,2022-03-21,HOU vs. WAS,W,240,42,85,0.494,20,39,0.513,11,13,0.846,6,38,44,30,5,8,13,22,115,18,1
2151,22021,1610612764,WAS,Washington Wizards,0022101077,2022-03-21,WAS @ HOU,L,240,35,85,0.412,6,29,0.207,21,24,0.875,10,37,47,24,7,6,11,15,97,-18,1
2152,22021,1610612738,BOS,Boston Celtics,0022101078,2022-03-21,BOS @ OKC,W,240,44,86,0.512,15,40,0.375,29,34,0.853,6,36,42,22,8,7,9,18,132,9,1
2153,22021,1610612760,OKC,Oklahoma City Thunder,0022101078,2022-03-21,OKC vs. BOS,L,240,48,93,0.516,17,37,0.459,10,14,0.714,10,32,42,23,5,4,11,26,123,-9,1
2154,22021,1610612750,MIN,Minnesota Timberwolves,0022101079,2022-03-21,MIN @ DAL,L,240,36,91,0.396,13,36,0.361,23,29,0.793,15,35,50,21,9,3,9,18,108,-2,1
2155,22021,1610612742,DAL,Dallas Mavericks,0022101079,2022-03-21,DAL vs. MIN,W,240,40,83,0.482,14,46,0.304,16,21,0.762,7,40,47,27,5,3,12,21,110,2,1
2156,22021,1610612744,GSW,Golden State Warriors,0022101080,2022-03-22,GSW @ ORL,L,240,34,85,0.4,11,32,0.344,11,16,0.688,12,36,48,21,6,3,18,23,90,-4,1
2157,22021,1610612753,ORL,Orlando Magic,0022101080,2022-03-22,ORL vs. GSW,W,240,34,79,0.43,10,36,0.278,16,20,0.8,6,33,39,25,9,6,14,14,94,4,1
2158,22021,1610612737,ATL,Atlanta Hawks,0022101081,2022-03-22,ATL @ NYK,W,240,40,81,0.494,15,36,0.417,22,27,0.815,10,33,43,26,7,5,14,18,117,6,1
2159,22021,1610612752,NYK,New York Knicks,0022101081,2022-03-22,NYK vs. ATL,L,240,42,86,0.488,13,34,0.382,14,26,0.538,14,27,41,20,12,4,14,23,111,-6,1
2160,22021,1610612741,CHI,Chicago Bulls,0022101082,2022-03-22,CHI @ MIL,L,240,39,92,0.424,13,33,0.394,7,13,0.538,5,28,33,21,9,4,7,12,98,-28,1
2161,22021,1610612749,MIL,Milwaukee Bucks,0022101082,2022-03-22,MIL vs. CHI,W,240,50,82,0.61,12,28,0.429,14,20,0.7,5,48,53,26,4,6,15,12,126,28,1
2162,22021,1610612746,LAC,LA Clippers,0022101083,2022-03-22,LAC @ DEN,L,240,42,86,0.488,10,32,0.313,21,26,0.808,6,29,35,27,3,7,6,19,115,-12,1
2163,22021,1610612743,DEN,Denver Nuggets,0022101083,2022-03-22,DEN vs. LAC,W,240,45,83,0.542,16,32,0.5,21,23,0.913,6,34,40,31,4,5,11,19,127,12,1
2164,22021,1610612752,NYK,New York Knicks,0022101084,2022-03-23,NYK @ CHA,W,240,43,83,0.518,20,45,0.444,15,17,0.882,6,34,40,30,5,3,9,17,121,15,1
2165,22021,1610612766,CHA,Charlotte Hornets,0022101084,2022-03-23,CHA vs. NYK,L,240,42,89,0.472,13,46,0.283,9,17,0.529,14,31,45,26,5,4,11,18,106,-15,1
2166,22021,1610612737,ATL,Atlanta Hawks,0022101085,2022-03-23,ATL @ DET,L,240,37,92,0.402,14,44,0.318,13,15,0.867,9,31,40,21,8,3,14,17,101,-21,1
2167,22021,1610612765,DET,Detroit Pistons,0022101085,2022-03-23,DET vs. ATL,W,240,44,88,0.5,12,33,0.364,22,25,0.88,9,45,54,30,10,4,16,19,122,21,1
2168,22021,1610612758,SAC,Sacramento Kings,0022101086,2022-03-23,SAC @ IND,W,240,43,82,0.524,12,37,0.324,12,17,0.706,4,32,36,26,7,3,17,10,110,1,1
2169,22021,1610612754,IND,Indiana Pacers,0022101086,2022-03-23,IND vs. SAC,L,240,42,91,0.462,14,36,0.389,11,11,1.0,10,32,42,34,11,3,15,17,109,-1,1
2170,22021,1610612762,UTA,Utah Jazz,0022101087,2022-03-23,UTA @ BOS,L,240,35,88,0.398,8,36,0.222,19,21,0.905,16,24,40,13,8,1,14,14,97,-28,1
2171,22021,1610612738,BOS,Boston Celtics,0022101087,2022-03-23,BOS vs. UTA,W,240,50,84,0.595,19,36,0.528,6,7,0.857,8,31,39,37,8,10,13,20,125,28,1
2172,22021,1610612750,MIN,Minnesota Timberwolves,0022101090,2022-03-23,MIN vs. PHX,L,240,42,95,0.442,13,43,0.302,19,22,0.864,15,30,45,27,5,5,12,21,116,-9,1
2173,22021,1610612756,PHX,Phoenix Suns,0022101090,2022-03-23,PHX @ MIN,W,240,45,86,0.523,12,33,0.364,23,29,0.793,11,32,43,30,6,9,13,20,125,9,1
2174,22021,1610612751,BKN,Brooklyn Nets,0022101089,2022-03-23,BKN @ MEM,L,240,43,87,0.494,9,25,0.36,25,27,0.926,10,29,39,18,6,10,14,20,120,-12,1
2175,22021,1610612763,MEM,Memphis Grizzlies,0022101089,2022-03-23,MEM vs. BKN,W,240,47,101,0.465,19,38,0.5,19,22,0.864,16,30,46,28,8,7,13,22,132,12,1
2176,22021,1610612744,GSW,Golden State Warriors,0022101088,2022-03-23,GSW @ MIA,W,240,40,77,0.519,15,36,0.417,23,27,0.852,7,38,45,23,5,2,13,24,118,14,1
2177,22021,1610612748,MIA,Miami Heat,0022101088,2022-03-23,MIA vs. GSW,L,240,37,85,0.435,14,36,0.389,16,21,0.762,8,26,34,26,8,1,10,19,104,-14,1
2178,22021,1610612753,ORL,Orlando Magic,0022101091,2022-03-23,ORL @ OKC,L,240,36,93,0.387,17,51,0.333,13,16,0.813,9,36,45,24,3,3,11,22,102,-16,1
2179,22021,1610612760,OKC,Oklahoma City Thunder,0022101091,2022-03-23,OKC vs. ORL,W,240,38,79,0.481,17,41,0.415,25,30,0.833,5,39,44,21,6,6,12,16,118,16,1
2180,22021,1610612742,DAL,Dallas Mavericks,0022101092,2022-03-23,DAL vs. HOU,W,240,42,86,0.488,8,33,0.242,18,22,0.818,8,34,42,24,9,1,13,24,110,19,1
2181,22021,1610612745,HOU,Houston Rockets,0022101092,2022-03-23,HOU @ DAL,L,240,33,82,0.402,4,28,0.143,21,28,0.75,12,33,45,17,8,5,16,21,91,-19,1
2182,22021,1610612757,POR,Portland Trail Blazers,0022101094,2022-03-23,POR vs. SAS,L,240,36,94,0.383,7,26,0.269,17,18,0.944,12,31,43,18,5,5,18,21,96,-37,1
2183,22021,1610612759,SAS,San Antonio Spurs,0022101094,2022-03-23,SAS @ POR,W,240,46,94,0.489,19,44,0.432,22,24,0.917,14,39,53,34,8,11,14,13,133,37,1
2184,22021,1610612755,PHI,Philadelphia 76ers,0022101093,2022-03-23,PHI @ LAL,W,240,47,91,0.516,10,27,0.37,22,28,0.786,8,35,43,26,7,5,7,13,126,5,1
2185,22021,1610612747,LAL,Los Angeles Lakers,0022101093,2022-03-23,LAL vs. PHI,L,240,50,97,0.515,11,30,0.367,10,16,0.625,11,34,45,25,6,3,12,19,121,-5,1
2186,22021,1610612739,CLE,Cleveland Cavaliers,0022101095,2022-03-24,CLE @ TOR,L,240,37,79,0.468,12,30,0.4,18,22,0.818,9,27,36,24,4,3,13,14,104,-13,1
2187,22021,1610612761,TOR,Toronto Raptors,0022101095,2022-03-24,TOR vs. CLE,W,240,42,89,0.472,16,37,0.432,17,19,0.895,13,27,40,26,9,5,9,22,117,13,1
2188,22021,1610612754,IND,Indiana Pacers,0022101096,2022-03-24,IND @ MEM,L,240,39,92,0.424,9,33,0.273,16,23,0.696,9,22,31,20,7,8,11,19,103,-30,1
2189,22021,1610612763,MEM,Memphis Grizzlies,0022101096,2022-03-24,MEM vs. IND,W,240,50,93,0.538,21,42,0.5,12,17,0.706,16,39,55,34,8,9,17,22,133,30,1
2190,22021,1610612764,WAS,Washington Wizards,0022101097,2022-03-24,WAS @ MIL,L,240,43,92,0.467,11,38,0.289,5,9,0.556,12,29,41,25,9,1,11,17,102,-12,1
2191,22021,1610612749,MIL,Milwaukee Bucks,0022101097,2022-03-24,MIL vs. WAS,W,240,42,81,0.519,16,35,0.457,14,16,0.875,4,37,41,23,5,2,16,17,114,12,1
2192,22021,1610612740,NOP,New Orleans Pelicans,0022101098,2022-03-24,NOP vs. CHI,W,240,41,83,0.494,12,29,0.414,32,34,0.941,10,33,43,23,10,2,11,17,126,17,1
2193,22021,1610612741,CHI,Chicago Bulls,0022101098,2022-03-24,CHI @ NOP,L,240,40,78,0.513,14,34,0.412,15,19,0.789,4,29,33,25,5,4,15,24,109,-17,1
2194,22021,1610612743,DEN,Denver Nuggets,0022101099,2022-03-24,DEN vs. PHX,L,240,48,81,0.593,15,32,0.469,19,27,0.704,10,27,37,27,5,2,17,22,130,-10,1
2195,22021,1610612756,PHX,Phoenix Suns,0022101099,2022-03-24,PHX @ DEN,W,240,52,86,0.605,13,27,0.481,23,29,0.793,5,24,29,32,7,3,9,23,140,10,1
2196,22021,1610612766,CHA,Charlotte Hornets,0022101100,2022-03-25,CHA vs. UTA,W,240,41,88,0.466,13,34,0.382,12,17,0.706,16,29,45,26,7,3,10,17,107,6,1
2197,22021,1610612762,UTA,Utah Jazz,0022101100,2022-03-25,UTA @ CHA,L,240,38,84,0.452,17,47,0.362,8,11,0.727,9,29,38,25,7,2,12,16,101,-6,1
2198,22021,1610612764,WAS,Washington Wizards,0022101101,2022-03-25,WAS @ DET,W,240,36,83,0.434,9,30,0.3,19,21,0.905,5,40,45,23,6,7,17,15,100,3,1
2199,22021,1610612765,DET,Detroit Pistons,0022101101,2022-03-25,DET vs. WAS,L,240,39,95,0.411,6,32,0.188,13,14,0.929,10,38,48,19,9,8,15,20,97,-3,1
2200,22021,1610612744,GSW,Golden State Warriors,0022101102,2022-03-25,GSW @ ATL,L,240,43,90,0.478,14,41,0.341,10,13,0.769,14,33,47,27,4,1,16,22,110,-11,1
2201,22021,1610612737,ATL,Atlanta Hawks,0022101102,2022-03-25,ATL vs. GSW,W,240,46,89,0.517,14,37,0.378,15,19,0.789,12,32,44,27,11,4,12,18,121,11,1
2202,22021,1610612750,MIN,Minnesota Timberwolves,0022101104,2022-03-25,MIN vs. DAL,W,240,43,84,0.512,11,32,0.344,19,24,0.792,6,39,45,26,4,2,9,21,116,21,1
2203,22021,1610612742,DAL,Dallas Mavericks,0022101104,2022-03-25,DAL @ MIN,L,240,35,90,0.389,10,43,0.233,15,19,0.789,10,35,45,21,4,5,11,19,95,-21,1
2204,22021,1610612752,NYK,New York Knicks,0022101103,2022-03-25,NYK @ MIA,W,240,36,82,0.439,17,50,0.34,22,28,0.786,17,25,42,23,8,2,11,24,111,8,1
2205,22021,1610612748,MIA,Miami Heat,0022101103,2022-03-25,MIA vs. NYK,L,240,35,70,0.5,12,33,0.364,21,25,0.84,8,27,35,18,6,3,15,25,103,-8,1
2206,22021,1610612745,HOU,Houston Rockets,0022101105,2022-03-25,HOU @ POR,W,240,43,83,0.518,19,45,0.422,20,23,0.87,9,28,37,27,12,3,16,22,125,19,1
2207,22021,1610612757,POR,Portland Trail Blazers,0022101105,2022-03-25,POR vs. HOU,L,240,43,85,0.506,3,20,0.15,17,23,0.739,13,25,38,28,6,3,17,21,106,-19,1
2208,22021,1610612755,PHI,Philadelphia 76ers,0022101106,2022-03-25,PHI @ LAC,W,240,43,92,0.467,15,35,0.429,21,24,0.875,12,40,52,23,12,8,13,18,122,25,1
2209,22021,1610612746,LAC,LA Clippers,0022101106,2022-03-25,LAC vs. PHI,L,240,34,85,0.4,8,25,0.32,21,25,0.84,9,30,39,19,7,7,16,18,97,-25,1
2210,22021,1610612759,SAS,San Antonio Spurs,0022101107,2022-03-26,SAS @ NOP,W,240,39,92,0.424,7,26,0.269,22,25,0.88,16,33,49,22,4,6,10,17,107,4,1
2211,22021,1610612740,NOP,New Orleans Pelicans,0022101107,2022-03-26,NOP vs. SAS,L,240,40,90,0.444,10,32,0.313,13,19,0.684,12,30,42,23,4,11,8,19,103,-4,1
2212,22021,1610612748,MIA,Miami Heat,0022101111,2022-03-26,MIA vs. BKN,L,240,33,75,0.44,10,34,0.294,19,26,0.731,6,33,39,20,7,5,24,23,95,-15,1
2213,22021,1610612751,BKN,Brooklyn Nets,0022101111,2022-03-26,BKN @ MIA,W,240,39,83,0.47,11,33,0.333,21,26,0.808,11,29,40,26,15,5,17,22,110,15,1
2214,22021,1610612753,ORL,Orlando Magic,0022101108,2022-03-26,ORL vs. SAC,L,265,45,106,0.425,13,36,0.361,7,7,1.0,15,42,57,27,9,3,13,20,110,-4,1
2215,22021,1610612758,SAC,Sacramento Kings,0022101108,2022-03-26,SAC @ ORL,W,265,42,98,0.429,11,36,0.306,19,24,0.792,18,41,59,24,4,4,14,12,114,4,1
2216,22021,1610612754,IND,Indiana Pacers,0022101109,2022-03-26,IND @ TOR,L,240,33,79,0.418,11,36,0.306,14,20,0.7,9,26,35,23,5,3,14,14,91,-40,1
2217,22021,1610612761,TOR,Toronto Raptors,0022101109,2022-03-26,TOR vs. IND,W,240,51,84,0.607,15,32,0.469,14,19,0.737,9,33,42,34,9,3,6,16,131,40,1
2218,22021,1610612763,MEM,Memphis Grizzlies,0022101112,2022-03-26,MEM vs. MIL,W,240,49,102,0.48,13,37,0.351,16,23,0.696,16,38,54,30,10,9,8,19,127,25,1
2219,22021,1610612749,MIL,Milwaukee Bucks,0022101112,2022-03-26,MIL @ MEM,L,240,37,93,0.398,7,32,0.219,21,26,0.808,14,32,46,19,4,7,14,21,102,-25,1
2220,22021,1610612760,OKC,Oklahoma City Thunder,0022101113,2022-03-26,OKC @ DEN,L,240,39,84,0.464,14,36,0.389,15,16,0.938,5,31,36,29,8,5,17,19,107,-6,1
2221,22021,1610612743,DEN,Denver Nuggets,0022101113,2022-03-26,DEN vs. OKC,W,240,41,85,0.482,8,31,0.258,23,24,0.958,10,37,47,33,11,5,15,19,113,6,1
2222,22021,1610612739,CLE,Cleveland Cavaliers,0022101110,2022-03-26,CLE vs. CHI,L,240,34,82,0.415,7,31,0.226,19,27,0.704,15,31,46,17,7,3,13,23,94,-4,1
2223,22021,1610612741,CHI,Chicago Bulls,0022101110,2022-03-26,CHI @ CLE,W,240,36,75,0.48,5,21,0.238,21,25,0.84,6,31,37,23,6,1,15,21,98,4,1
2224,22021,1610612745,HOU,Houston Rockets,0022101114,2022-03-26,HOU @ POR,W,240,44,84,0.524,15,35,0.429,12,18,0.667,8,30,38,34,12,8,21,14,115,17,1
2225,22021,1610612757,POR,Portland Trail Blazers,0022101114,2022-03-26,POR vs. HOU,L,240,37,93,0.398,12,40,0.3,12,17,0.706,21,30,51,21,14,4,23,19,98,-17,1
2226,22021,1610612744,GSW,Golden State Warriors,0022101117,2022-03-27,GSW @ WAS,L,240,38,89,0.427,8,33,0.242,31,39,0.795,13,33,46,20,8,2,10,24,115,-8,1
2227,22021,1610612764,WAS,Washington Wizards,0022101117,2022-03-27,WAS vs. GSW,W,240,44,84,0.524,16,28,0.571,19,22,0.864,5,37,42,33,5,8,12,24,123,8,1
2228,22021,1610612752,NYK,New York Knicks,0022101115,2022-03-27,NYK @ DET,W,240,34,85,0.4,13,41,0.317,23,29,0.793,13,38,51,19,8,8,14,16,104,2,1
2229,22021,1610612765,DET,Detroit Pistons,0022101115,2022-03-27,DET vs. NYK,L,240,39,85,0.459,8,29,0.276,16,18,0.889,9,28,37,23,8,5,10,21,102,-2,1
2230,22021,1610612738,BOS,Boston Celtics,0022101116,2022-03-27,BOS vs. MIN,W,240,49,87,0.563,17,39,0.436,19,21,0.905,10,35,45,27,7,5,13,20,134,22,1
2231,22021,1610612750,MIN,Minnesota Timberwolves,0022101116,2022-03-27,MIN @ BOS,L,240,45,84,0.536,14,32,0.438,8,12,0.667,4,26,30,26,7,3,14,21,112,-22,1
2232,22021,1610612755,PHI,Philadelphia 76ers,0022101118,2022-03-27,PHI @ PHX,L,240,37,89,0.416,10,36,0.278,20,26,0.769,12,33,45,22,6,4,12,19,104,-10,1
2233,22021,1610612756,PHX,Phoenix Suns,0022101118,2022-03-27,PHX vs. PHI,W,240,45,87,0.517,13,27,0.481,11,17,0.647,5,35,40,24,5,5,13,21,114,10,1
2234,22021,1610612740,NOP,New Orleans Pelicans,0022101119,2022-03-27,NOP vs. LAL,W,240,44,91,0.484,9,27,0.333,19,24,0.792,12,29,41,25,10,1,7,13,116,8,1
2235,22021,1610612747,LAL,Los Angeles Lakers,0022101119,2022-03-27,LAL @ NOP,L,240,42,80,0.525,14,35,0.4,10,16,0.625,7,32,39,26,5,2,15,20,108,-8,1
2236,22021,1610612742,DAL,Dallas Mavericks,0022101121,2022-03-27,DAL vs. UTA,W,240,40,77,0.519,17,34,0.5,17,24,0.708,10,35,45,21,3,2,10,13,114,14,1
2237,22021,1610612762,UTA,Utah Jazz,0022101121,2022-03-27,UTA @ DAL,L,240,41,89,0.461,12,34,0.353,6,10,0.6,7,29,36,23,5,1,6,20,100,-14,1
2238,22021,1610612766,CHA,Charlotte Hornets,0022101120,2022-03-27,CHA @ BKN,W,240,42,98,0.429,17,32,0.531,18,23,0.783,17,36,53,26,6,2,12,22,119,9,1
2239,22021,1610612751,BKN,Brooklyn Nets,0022101120,2022-03-27,BKN vs. CHA,L,240,43,97,0.443,7,34,0.206,17,26,0.654,14,36,50,30,9,11,11,20,110,-9,1
2240,22021,1610612761,TOR,Toronto Raptors,0022101127,2022-03-28,TOR vs. BOS,W,265,46,106,0.434,10,39,0.256,13,18,0.722,16,36,52,16,10,11,10,28,115,3,1
2241,22021,1610612738,BOS,Boston Celtics,0022101127,2022-03-28,BOS @ TOR,L,265,39,95,0.411,12,40,0.3,22,28,0.786,16,41,57,23,5,7,17,15,112,-3,1
2242,22021,1610612753,ORL,Orlando Magic,0022101123,2022-03-28,ORL @ CLE,L,240,42,87,0.483,10,37,0.27,7,13,0.538,8,37,45,31,6,1,17,24,101,-6,1
2243,22021,1610612739,CLE,Cleveland Cavaliers,0022101123,2022-03-28,CLE vs. ORL,W,240,37,83,0.446,13,41,0.317,20,23,0.87,6,35,41,26,11,4,15,13,107,6,1
2244,22021,1610612737,ATL,Atlanta Hawks,0022101124,2022-03-28,ATL @ IND,W,240,47,86,0.547,17,35,0.486,21,26,0.808,13,27,40,32,11,4,15,19,132,9,1
2245,22021,1610612754,IND,Indiana Pacers,0022101124,2022-03-28,IND vs. ATL,L,240,45,87,0.517,17,36,0.472,16,18,0.889,8,20,28,32,7,6,14,22,123,-9,1
2246,22021,1610612766,CHA,Charlotte Hornets,0022101122,2022-03-28,CHA vs. DEN,L,240,44,93,0.473,13,42,0.31,8,12,0.667,8,32,40,33,11,3,15,21,109,-4,1
2247,22021,1610612743,DEN,Denver Nuggets,0022101122,2022-03-28,DEN @ CHA,W,240,40,86,0.465,12,33,0.364,21,28,0.75,17,34,51,29,7,3,16,17,113,4,1
2248,22021,1610612758,SAC,Sacramento Kings,0022101125,2022-03-28,SAC @ MIA,L,240,37,81,0.457,12,35,0.343,14,18,0.778,5,27,32,21,6,2,14,12,100,-23,1
2249,22021,1610612748,MIA,Miami Heat,0022101125,2022-03-28,MIA vs. SAC,W,240,49,90,0.544,19,40,0.475,6,6,1.0,10,38,48,30,7,1,16,20,123,23,1
2250,22021,1610612741,CHI,Chicago Bulls,0022101126,2022-03-28,CHI @ NYK,L,240,34,79,0.43,6,23,0.261,30,33,0.909,6,41,47,16,6,3,14,24,104,-5,1
2251,22021,1610612752,NYK,New York Knicks,0022101126,2022-03-28,NYK vs. CHI,W,240,38,89,0.427,12,35,0.343,21,35,0.6,13,33,46,19,4,4,6,22,109,5,1
2252,22021,1610612745,HOU,Houston Rockets,0022101128,2022-03-28,HOU vs. SAS,L,240,38,92,0.413,20,49,0.408,24,28,0.857,10,34,44,26,5,9,12,24,120,-3,1
2253,22021,1610612759,SAS,San Antonio Spurs,0022101128,2022-03-28,SAS @ HOU,W,240,47,100,0.47,7,29,0.241,22,28,0.786,17,39,56,28,11,5,13,20,123,3,1
2254,22021,1610612744,GSW,Golden State Warriors,0022101129,2022-03-28,GSW @ MEM,L,240,33,81,0.407,9,29,0.31,20,26,0.769,7,33,40,18,6,7,17,27,95,-28,1
2255,22021,1610612763,MEM,Memphis Grizzlies,0022101129,2022-03-28,MEM vs. GSW,W,240,43,92,0.467,12,30,0.4,25,35,0.714,13,39,52,26,11,3,14,21,123,28,1
2256,22021,1610612757,POR,Portland Trail Blazers,0022101130,2022-03-28,POR vs. OKC,L,265,51,112,0.455,20,50,0.4,9,13,0.692,19,28,47,28,17,5,11,23,131,-3,1
2257,22021,1610612760,OKC,Oklahoma City Thunder,0022101130,2022-03-28,OKC @ POR,W,265,48,90,0.533,20,45,0.444,18,25,0.72,11,38,49,32,7,3,21,15,134,3,1
2258,22021,1610612741,CHI,Chicago Bulls,0022101132,2022-03-29,CHI @ WAS,W,240,43,85,0.506,6,18,0.333,15,18,0.833,6,30,36,26,9,1,9,14,107,13,1
2259,22021,1610612764,WAS,Washington Wizards,0022101132,2022-03-29,WAS vs. CHI,L,240,38,79,0.481,6,26,0.231,12,17,0.706,7,30,37,25,6,7,14,17,94,-13,1
2260,22021,1610612755,PHI,Philadelphia 76ers,0022101131,2022-03-29,PHI vs. MIL,L,240,43,89,0.483,16,41,0.39,14,18,0.778,5,35,40,28,7,3,9,19,116,-2,1
2261,22021,1610612749,MIL,Milwaukee Bucks,0022101131,2022-03-29,MIL @ PHI,W,240,44,88,0.5,14,38,0.368,16,23,0.696,9,39,48,26,5,4,11,17,118,2,1
2262,22021,1610612742,DAL,Dallas Mavericks,0022101134,2022-03-29,DAL vs. LAL,W,240,45,87,0.517,20,46,0.435,18,23,0.783,11,35,46,27,5,1,8,14,128,18,1
2263,22021,1610612747,LAL,Los Angeles Lakers,0022101134,2022-03-29,LAL @ DAL,L,240,40,89,0.449,12,44,0.273,18,22,0.818,14,34,48,20,7,2,9,22,110,-18,1
2264,22021,1610612751,BKN,Brooklyn Nets,0022101133,2022-03-29,BKN vs. DET,W,240,42,76,0.553,15,28,0.536,31,34,0.912,8,33,41,24,9,6,19,19,130,7,1
2265,22021,1610612765,DET,Detroit Pistons,0022101133,2022-03-29,DET @ BKN,L,240,48,99,0.485,16,38,0.421,11,13,0.846,16,23,39,28,11,4,14,25,123,-7,1
2266,22021,1610612762,UTA,Utah Jazz,0022101135,2022-03-29,UTA @ LAC,L,240,43,78,0.551,12,31,0.387,17,29,0.586,10,28,38,23,5,5,15,24,115,-6,1
2267,22021,1610612746,LAC,LA Clippers,0022101135,2022-03-29,LAC vs. UTA,W,240,41,83,0.494,15,36,0.417,24,28,0.857,10,23,33,21,8,4,11,23,121,6,1
2268,22021,1610612742,DAL,Dallas Mavericks,0022101136,2022-03-30,DAL @ CLE,W,240,46,88,0.523,16,42,0.381,12,15,0.8,9,29,38,28,6,6,12,17,120,8,1
2269,22021,1610612739,CLE,Cleveland Cavaliers,0022101136,2022-03-30,CLE vs. DAL,L,240,42,83,0.506,11,25,0.44,17,22,0.773,9,30,39,24,7,3,15,15,112,-8,1
2270,22021,1610612750,MIN,Minnesota Timberwolves,0022101141,2022-03-30,MIN @ TOR,L,240,37,92,0.402,11,37,0.297,17,23,0.739,17,31,48,26,11,9,22,19,102,-23,1
2271,22021,1610612761,TOR,Toronto Raptors,0022101141,2022-03-30,TOR vs. MIN,W,240,48,96,0.5,18,36,0.5,11,15,0.733,11,36,47,32,9,4,19,23,125,23,1
2272,22021,1610612764,WAS,Washington Wizards,0022101138,2022-03-30,WAS vs. ORL,W,240,47,92,0.511,13,36,0.361,20,26,0.769,12,39,51,35,5,8,12,15,127,17,1
2273,22021,1610612753,ORL,Orlando Magic,0022101138,2022-03-30,ORL @ WAS,L,240,40,96,0.417,11,34,0.324,19,22,0.864,11,31,42,21,8,5,12,23,110,-17,1
2274,22021,1610612743,DEN,Denver Nuggets,0022101137,2022-03-30,DEN @ IND,W,240,50,80,0.625,12,28,0.429,13,14,0.929,8,35,43,33,6,4,20,20,125,7,1
2275,22021,1610612754,IND,Indiana Pacers,0022101137,2022-03-30,IND vs. DEN,L,240,44,97,0.454,12,40,0.3,18,23,0.783,18,19,37,29,11,4,8,21,118,-7,1
2276,22021,1610612766,CHA,Charlotte Hornets,0022101140,2022-03-30,CHA @ NYK,W,240,49,90,0.544,12,35,0.343,15,17,0.882,8,32,40,39,7,3,12,21,125,11,1
2277,22021,1610612752,NYK,New York Knicks,0022101140,2022-03-30,NYK vs. CHA,L,240,40,85,0.471,16,44,0.364,18,26,0.692,11,32,43,23,5,5,14,19,114,-11,1
2278,22021,1610612737,ATL,Atlanta Hawks,0022101143,2022-03-30,ATL @ OKC,W,240,49,91,0.538,18,39,0.462,20,22,0.909,6,37,43,28,10,4,13,19,136,18,1
2279,22021,1610612760,OKC,Oklahoma City Thunder,0022101143,2022-03-30,OKC vs. ATL,L,240,41,87,0.471,17,41,0.415,19,27,0.704,10,32,42,31,5,2,18,17,118,-18,1
2280,22021,1610612738,BOS,Boston Celtics,0022101139,2022-03-30,BOS vs. MIA,L,240,35,85,0.412,11,37,0.297,17,23,0.739,8,36,44,27,9,1,18,22,98,-8,1
2281,22021,1610612748,MIA,Miami Heat,0022101139,2022-03-30,MIA @ BOS,W,240,38,79,0.481,13,34,0.382,17,25,0.68,4,38,42,27,9,6,18,23,106,8,1
2282,22021,1610612745,HOU,Houston Rockets,0022101142,2022-03-30,HOU vs. SAC,L,240,43,94,0.457,13,42,0.31,19,25,0.76,12,39,51,23,7,4,18,34,118,-3,1
2283,22021,1610612758,SAC,Sacramento Kings,0022101142,2022-03-30,SAC @ HOU,W,240,44,95,0.463,7,26,0.269,26,36,0.722,13,31,44,21,7,10,9,21,121,3,1
2284,22021,1610612759,SAS,San Antonio Spurs,0022101144,2022-03-30,SAS vs. MEM,L,240,42,83,0.506,14,35,0.4,13,16,0.813,7,30,37,26,8,1,15,13,111,-1,1
2285,22021,1610612763,MEM,Memphis Grizzlies,0022101144,2022-03-30,MEM @ SAS,W,240,44,91,0.484,16,39,0.41,8,11,0.727,12,28,40,26,8,5,14,15,112,1,1
2286,22021,1610612757,POR,Portland Trail Blazers,0022101146,2022-03-30,POR vs. NOP,L,240,39,85,0.459,14,42,0.333,15,18,0.833,13,28,41,30,7,4,22,27,107,-10,1
2287,22021,1610612740,NOP,New Orleans Pelicans,0022101146,2022-03-30,NOP @ POR,W,240,40,78,0.513,6,24,0.25,31,39,0.795,12,28,40,26,16,6,14,16,117,10,1
2288,22021,1610612744,GSW,Golden State Warriors,0022101145,2022-03-30,GSW vs. PHX,L,240,35,83,0.422,13,38,0.342,20,25,0.8,10,38,48,26,7,4,21,24,103,-4,1
2289,22021,1610612756,PHX,Phoenix Suns,0022101145,2022-03-30,PHX @ GSW,W,240,38,92,0.413,7,28,0.25,24,30,0.8,12,34,46,20,9,1,14,19,107,4,1
2290,22021,1610612762,UTA,Utah Jazz,0022101150,2022-03-31,UTA vs. LAL,W,240,46,90,0.511,15,44,0.341,15,24,0.625,9,32,41,25,7,2,8,20,122,13,1
2291,22021,1610612747,LAL,Los Angeles Lakers,0022101150,2022-03-31,LAL @ UTA,L,240,41,83,0.494,7,25,0.28,20,28,0.714,9,31,40,18,5,3,11,21,109,-13,1
2292,22021,1610612755,PHI,Philadelphia 76ers,0022101147,2022-03-31,PHI @ DET,L,240,31,69,0.449,7,26,0.269,25,28,0.893,4,35,39,22,8,9,15,17,94,-8,1
2293,22021,1610612765,DET,Detroit Pistons,0022101147,2022-03-31,DET vs. PHI,W,240,41,82,0.5,10,35,0.286,10,15,0.667,5,33,38,26,11,4,10,21,102,8,1
2294,22021,1610612739,CLE,Cleveland Cavaliers,0022100452,2022-03-31,CLE @ ATL,L,240,39,90,0.433,7,30,0.233,22,28,0.786,15,32,47,19,6,5,14,20,107,-24,1
2295,22021,1610612737,ATL,Atlanta Hawks,0022100452,2022-03-31,ATL vs. CLE,W,240,45,91,0.495,17,39,0.436,24,28,0.857,12,36,48,27,7,4,9,22,131,24,1
2296,22021,1610612751,BKN,Brooklyn Nets,0022101148,2022-03-31,BKN vs. MIL,L,265,45,97,0.464,18,37,0.486,11,16,0.688,5,36,41,31,12,7,16,25,119,-1,1
2297,22021,1610612749,MIL,Milwaukee Bucks,0022101148,2022-03-31,MIL @ BKN,W,265,40,89,0.449,12,41,0.293,28,34,0.824,11,46,57,17,12,3,23,14,120,1,1
2298,22021,1610612741,CHI,Chicago Bulls,0022101149,2022-03-31,CHI vs. LAC,W,265,50,102,0.49,10,29,0.345,25,32,0.781,13,37,50,24,6,3,8,17,135,5,1
2299,22021,1610612746,LAC,LA Clippers,0022101149,2022-03-31,LAC @ CHI,L,265,45,90,0.5,16,36,0.444,24,26,0.923,4,36,40,26,7,5,12,24,130,-5,1
2300,22021,1610612742,DAL,Dallas Mavericks,0022101152,2022-04-01,DAL @ WAS,L,240,34,78,0.436,11,38,0.289,24,26,0.923,5,31,36,14,3,3,13,16,103,-32,1
2301,22021,1610612764,WAS,Washington Wizards,0022101152,2022-04-01,WAS vs. DAL,W,240,49,90,0.544,17,33,0.515,20,22,0.909,8,37,45,33,7,4,9,19,135,32,1
2302,22021,1610612738,BOS,Boston Celtics,0022101153,2022-04-01,BOS vs. IND,W,240,45,83,0.542,12,33,0.364,26,28,0.929,11,29,40,29,7,4,16,19,128,5,1
2303,22021,1610612754,IND,Indiana Pacers,0022101153,2022-04-01,IND @ BOS,L,240,42,81,0.519,17,36,0.472,22,23,0.957,8,22,30,25,9,3,16,30,123,-5,1
2304,22021,1610612760,OKC,Oklahoma City Thunder,0022101157,2022-04-01,OKC vs. DET,L,240,36,84,0.429,11,34,0.324,18,29,0.621,12,42,54,24,1,8,17,15,101,-9,1
2305,22021,1610612765,DET,Detroit Pistons,0022101157,2022-04-01,DET @ OKC,W,240,40,94,0.426,15,48,0.313,15,18,0.833,8,36,44,29,9,8,8,20,110,9,1
2306,22021,1610612761,TOR,Toronto Raptors,0022101151,2022-04-01,TOR @ ORL,W,240,36,86,0.419,13,42,0.31,17,20,0.85,10,31,41,21,13,3,10,14,102,13,1
2307,22021,1610612753,ORL,Orlando Magic,0022101151,2022-04-01,ORL vs. TOR,L,240,34,79,0.43,11,35,0.314,10,11,0.909,9,36,45,24,6,4,22,14,89,-13,1
2308,22021,1610612746,LAC,LA Clippers,0022101156,2022-04-01,LAC @ MIL,W,240,56,92,0.609,23,43,0.535,18,24,0.75,8,28,36,34,9,7,10,17,153,34,1
2309,22021,1610612749,MIL,Milwaukee Bucks,0022101156,2022-04-01,MIL vs. LAC,L,240,50,94,0.532,8,25,0.32,11,18,0.611,13,25,38,30,6,5,15,19,119,-34,1
2310,22021,1610612758,SAC,Sacramento Kings,0022101154,2022-04-01,SAC @ HOU,W,240,42,81,0.519,12,28,0.429,26,34,0.765,8,39,47,29,6,11,13,19,122,5,1
2311,22021,1610612745,HOU,Houston Rockets,0022101154,2022-04-01,HOU vs. SAC,L,240,41,97,0.423,17,45,0.378,18,26,0.692,15,30,45,26,9,7,11,25,117,-5,1
2312,22021,1610612756,PHX,Phoenix Suns,0022101155,2022-04-01,PHX @ MEM,L,240,47,86,0.547,10,27,0.37,10,17,0.588,2,37,39,27,8,4,20,25,114,-8,1
2313,22021,1610612763,MEM,Memphis Grizzlies,0022101155,2022-04-01,MEM vs. PHX,W,240,46,102,0.451,7,24,0.292,23,28,0.821,16,32,48,30,7,2,11,18,122,8,1
2314,22021,1610612757,POR,Portland Trail Blazers,0022101158,2022-04-01,POR @ SAS,L,240,41,92,0.446,15,35,0.429,14,20,0.7,12,30,42,27,12,2,12,20,111,-19,1
2315,22021,1610612759,SAS,San Antonio Spurs,0022101158,2022-04-01,SAS vs. POR,W,240,46,81,0.568,16,37,0.432,22,28,0.786,8,36,44,34,9,6,15,16,130,19,1
2316,22021,1610612743,DEN,Denver Nuggets,0022101159,2022-04-01,DEN vs. MIN,L,240,46,86,0.535,12,35,0.343,26,29,0.897,10,34,44,36,7,2,18,23,130,-6,1
2317,22021,1610612750,MIN,Minnesota Timberwolves,0022101159,2022-04-01,MIN @ DEN,W,240,43,86,0.5,19,40,0.475,31,36,0.861,10,28,38,26,14,4,12,23,136,6,1
2318,22021,1610612740,NOP,New Orleans Pelicans,0022101160,2022-04-01,NOP @ LAL,W,240,41,79,0.519,7,26,0.269,25,29,0.862,4,33,37,23,8,4,15,21,114,3,1
2319,22021,1610612747,LAL,Los Angeles Lakers,0022101160,2022-04-01,LAL vs. NOP,L,240,39,82,0.476,11,27,0.407,22,31,0.71,7,33,40,24,10,1,17,24,111,-3,1
2320,22021,1610612766,CHA,Charlotte Hornets,0022101161,2022-04-02,CHA @ PHI,L,240,42,87,0.483,11,30,0.367,19,24,0.792,7,25,32,34,14,1,17,18,114,-30,1
2321,22021,1610612755,PHI,Philadelphia 76ers,0022101161,2022-04-02,PHI vs. CHA,W,240,53,87,0.609,21,43,0.488,17,21,0.81,10,37,47,38,10,5,19,18,144,30,1
2322,22021,1610612752,NYK,New York Knicks,0022101162,2022-04-02,NYK vs. CLE,L,240,31,77,0.403,13,30,0.433,26,34,0.765,6,29,35,19,6,4,11,19,101,-18,1
2323,22021,1610612739,CLE,Cleveland Cavaliers,0022101162,2022-04-02,CLE @ NYK,W,240,44,81,0.543,15,34,0.441,16,21,0.762,7,36,43,26,6,3,12,24,119,18,1
2324,22021,1610612737,ATL,Atlanta Hawks,0022101163,2022-04-02,ATL vs. BKN,W,240,36,86,0.419,13,41,0.317,37,49,0.755,10,44,54,18,10,4,7,18,122,7,1
2325,22021,1610612751,BKN,Brooklyn Nets,0022101163,2022-04-02,BKN @ ATL,L,240,42,99,0.424,17,37,0.459,14,19,0.737,10,42,52,17,5,3,13,29,115,-7,1
2326,22021,1610612748,MIA,Miami Heat,0022101164,2022-04-02,MIA @ CHI,W,240,44,82,0.537,17,34,0.5,22,27,0.815,5,36,41,28,4,1,9,21,127,18,1
2327,22021,1610612741,CHI,Chicago Bulls,0022101164,2022-04-02,CHI vs. MIA,L,240,37,86,0.43,9,34,0.265,26,29,0.897,11,28,39,21,5,4,6,19,109,-18,1
2328,22021,1610612744,GSW,Golden State Warriors,0022101165,2022-04-02,GSW vs. UTA,W,240,40,84,0.476,20,48,0.417,11,12,0.917,6,35,41,30,5,6,11,22,111,4,1
2329,22021,1610612762,UTA,Utah Jazz,0022101165,2022-04-02,UTA @ GSW,L,240,38,89,0.427,15,46,0.326,16,22,0.727,12,35,47,19,8,2,13,17,107,-4,1
2330,22021,1610612739,CLE,Cleveland Cavaliers,0022101170,2022-04-03,CLE vs. PHI,L,240,35,78,0.449,15,33,0.455,23,31,0.742,7,34,41,24,10,3,12,28,108,-4,1
2331,22021,1610612755,PHI,Philadelphia 76ers,0022101170,2022-04-03,PHI @ CLE,W,240,33,80,0.413,11,31,0.355,35,42,0.833,12,38,50,23,7,8,14,19,112,4,1
2332,22021,1610612760,OKC,Oklahoma City Thunder,0022101174,2022-04-03,OKC vs. PHX,W,240,43,87,0.494,17,41,0.415,14,18,0.778,12,42,54,33,7,4,18,18,117,21,1
2333,22021,1610612756,PHX,Phoenix Suns,0022101174,2022-04-03,PHX @ OKC,L,240,37,89,0.416,7,38,0.184,15,17,0.882,6,27,33,22,14,4,11,17,96,-21,1
2334,22021,1610612757,POR,Portland Trail Blazers,0022101175,2022-04-03,POR @ SAS,L,240,33,84,0.393,16,45,0.356,10,15,0.667,7,32,39,22,7,4,14,22,92,-21,1
2335,22021,1610612759,SAS,San Antonio Spurs,0022101175,2022-04-03,SAS vs. POR,W,240,38,84,0.452,14,42,0.333,23,30,0.767,10,41,51,25,9,1,13,18,113,21,1
2336,22021,1610612738,BOS,Boston Celtics,0022101166,2022-04-03,BOS vs. WAS,W,240,56,91,0.615,23,44,0.523,9,13,0.692,7,32,39,39,6,5,8,20,144,42,1
2337,22021,1610612764,WAS,Washington Wizards,0022101166,2022-04-03,WAS @ BOS,L,240,38,82,0.463,8,21,0.381,18,20,0.9,7,25,32,21,4,2,12,14,102,-42,1
2338,22021,1610612750,MIN,Minnesota Timberwolves,0022101173,2022-04-03,MIN @ HOU,W,240,51,86,0.593,17,41,0.415,20,25,0.8,7,25,32,32,13,6,19,27,139,7,1
2339,22021,1610612745,HOU,Houston Rockets,0022101173,2022-04-03,HOU vs. MIN,L,240,48,85,0.565,16,40,0.4,20,29,0.69,11,25,36,28,8,4,24,24,132,-7,1
2340,22021,1610612748,MIA,Miami Heat,0022101172,2022-04-03,MIA @ TOR,W,240,41,79,0.519,18,38,0.474,14,22,0.636,8,30,38,30,9,4,17,21,114,5,1
2341,22021,1610612761,TOR,Toronto Raptors,0022101172,2022-04-03,TOR vs. MIA,L,240,35,83,0.422,12,39,0.308,27,34,0.794,10,28,38,19,12,1,17,20,109,-5,1
2342,22021,1610612742,DAL,Dallas Mavericks,0022101167,2022-04-03,DAL @ MIL,W,240,39,76,0.513,16,38,0.421,24,27,0.889,2,36,38,28,7,3,14,20,118,6,1
2343,22021,1610612749,MIL,Milwaukee Bucks,0022101167,2022-04-03,MIL vs. DAL,L,240,42,95,0.442,15,40,0.375,13,18,0.722,10,26,36,25,9,1,9,22,112,-6,1
2344,22021,1610612758,SAC,Sacramento Kings,0022101176,2022-04-03,SAC vs. GSW,L,240,31,81,0.383,7,33,0.212,21,24,0.875,6,29,35,19,5,1,13,15,90,-19,1
2345,22021,1610612744,GSW,Golden State Warriors,0022101176,2022-04-03,GSW @ SAC,W,240,41,79,0.519,16,34,0.471,11,15,0.733,7,40,47,29,8,8,17,28,109,19,1
2346,22021,1610612740,NOP,New Orleans Pelicans,0022101177,2022-04-03,NOP @ LAC,L,240,35,87,0.402,9,24,0.375,21,27,0.778,19,35,54,22,4,5,16,13,100,-19,1
2347,22021,1610612746,LAC,LA Clippers,0022101177,2022-04-03,LAC vs. NOP,W,240,45,95,0.474,21,44,0.477,8,10,0.8,12,29,41,33,10,5,10,21,119,19,1
2348,22021,1610612747,LAL,Los Angeles Lakers,0022101168,2022-04-03,LAL vs. DEN,L,240,49,92,0.533,6,20,0.3,14,21,0.667,6,34,40,31,4,5,13,25,118,-11,1
2349,22021,1610612743,DEN,Denver Nuggets,0022101168,2022-04-03,DEN @ LAL,W,240,47,82,0.573,12,31,0.387,23,29,0.793,6,32,38,33,10,5,12,18,129,11,1
2350,22021,1610612754,IND,Indiana Pacers,0022101169,2022-04-03,IND vs. DET,L,240,45,94,0.479,12,38,0.316,15,19,0.789,17,41,58,33,6,11,19,21,117,-4,1
2351,22021,1610612765,DET,Detroit Pistons,0022101169,2022-04-03,DET @ IND,W,240,43,99,0.434,21,41,0.512,14,18,0.778,10,28,38,31,11,4,12,19,121,4,1
2352,22021,1610612753,ORL,Orlando Magic,0022101171,2022-04-03,ORL vs. NYK,L,240,30,85,0.353,12,44,0.273,16,27,0.593,8,32,40,18,5,2,11,12,88,-30,1
2353,22021,1610612752,NYK,New York Knicks,0022101171,2022-04-03,NYK @ ORL,W,240,45,93,0.484,15,44,0.341,13,16,0.813,13,43,56,29,9,7,10,22,118,30,1
2354,22021,1610612759,SAS,San Antonio Spurs,0022101186,2022-04-05,SAS @ DEN,W,240,44,89,0.494,12,26,0.462,16,24,0.667,5,43,48,31,6,3,11,14,116,19,1
2355,22021,1610612743,DEN,Denver Nuggets,0022101186,2022-04-05,DEN vs. SAS,L,240,41,98,0.418,7,33,0.212,8,12,0.667,10,41,51,22,4,2,11,19,97,-19,1
2356,22021,1610612763,MEM,Memphis Grizzlies,0022101187,2022-04-05,MEM @ UTA,L,265,39,101,0.386,13,31,0.419,24,29,0.828,10,41,51,26,13,7,13,29,115,-6,1
2357,22021,1610612762,UTA,Utah Jazz,0022101187,2022-04-05,UTA vs. MEM,W,265,40,96,0.417,12,38,0.316,29,43,0.674,13,48,61,23,8,8,17,21,121,6,1
2358,22021,1610612740,NOP,New Orleans Pelicans,0022101188,2022-04-05,NOP @ SAC,W,240,45,88,0.511,12,25,0.48,21,26,0.808,14,30,44,26,13,2,13,20,123,14,1
2359,22021,1610612758,SAC,Sacramento Kings,0022101188,2022-04-05,SAC vs. NOP,L,240,39,76,0.513,11,30,0.367,20,22,0.909,3,31,34,28,4,3,15,20,109,-14,1
2360,22021,1610612753,ORL,Orlando Magic,0022101179,2022-04-05,ORL vs. CLE,W,240,47,93,0.505,16,35,0.457,10,15,0.667,8,35,43,31,9,8,7,19,120,5,1
2361,22021,1610612739,CLE,Cleveland Cavaliers,0022101179,2022-04-05,CLE @ ORL,L,240,42,86,0.488,16,36,0.444,15,22,0.682,9,38,47,25,6,4,12,11,115,-5,1
2362,22021,1610612756,PHX,Phoenix Suns,0022101189,2022-04-05,PHX vs. LAL,W,240,50,102,0.49,14,39,0.359,7,9,0.778,11,42,53,38,10,4,14,22,121,11,1
2363,22021,1610612747,LAL,Los Angeles Lakers,0022101189,2022-04-05,LAL @ PHX,L,240,39,86,0.453,9,29,0.31,23,30,0.767,7,39,46,22,7,3,16,14,110,-11,1
2364,22021,1610612737,ATL,Atlanta Hawks,0022101182,2022-04-05,ATL @ TOR,L,240,43,94,0.457,14,37,0.378,8,12,0.667,10,33,43,31,5,4,7,22,108,-10,1
2365,22021,1610612761,TOR,Toronto Raptors,0022101182,2022-04-05,TOR vs. ATL,W,240,44,101,0.436,9,35,0.257,21,31,0.677,20,40,60,20,6,5,8,14,118,10,1
2366,22021,1610612751,BKN,Brooklyn Nets,0022101180,2022-04-05,BKN vs. HOU,W,240,39,86,0.453,15,37,0.405,25,27,0.926,12,40,52,22,6,9,17,23,118,13,1
2367,22021,1610612745,HOU,Houston Rockets,0022101180,2022-04-05,HOU @ BKN,L,240,40,99,0.404,11,43,0.256,14,25,0.56,18,30,48,18,8,6,11,20,105,-13,1
2368,22021,1610612766,CHA,Charlotte Hornets,0022101181,2022-04-05,CHA @ MIA,L,240,45,85,0.529,12,38,0.316,13,18,0.722,7,24,31,34,8,3,15,18,115,-29,1
2369,22021,1610612748,MIA,Miami Heat,0022101181,2022-04-05,MIA vs. CHA,W,240,48,84,0.571,23,42,0.548,25,29,0.862,8,33,41,29,10,1,15,19,144,29,1
2370,22021,1610612750,MIN,Minnesota Timberwolves,0022101184,2022-04-05,MIN vs. WAS,L,240,41,91,0.451,14,41,0.341,18,25,0.72,6,32,38,27,6,3,10,16,114,-18,1
2371,22021,1610612764,WAS,Washington Wizards,0022101184,2022-04-05,WAS @ MIN,W,240,56,101,0.554,13,30,0.433,7,14,0.5,9,43,52,38,4,4,10,25,132,18,1
2372,22021,1610612760,OKC,Oklahoma City Thunder,0022101185,2022-04-05,OKC vs. POR,W,240,39,81,0.481,9,29,0.31,11,22,0.5,13,34,47,15,12,12,17,10,98,4,1
2373,22021,1610612757,POR,Portland Trail Blazers,0022101185,2022-04-05,POR @ OKC,L,240,35,83,0.422,11,32,0.344,13,16,0.813,10,30,40,24,10,6,17,19,94,-4,1
2374,22021,1610612741,CHI,Chicago Bulls,0022101183,2022-04-05,CHI vs. MIL,L,240,42,98,0.429,9,33,0.273,13,13,1.0,13,29,42,22,8,2,15,21,106,-21,1
2375,22021,1610612749,MIL,Milwaukee Bucks,0022101183,2022-04-05,MIL @ CHI,W,240,46,87,0.529,12,35,0.343,23,25,0.92,8,39,47,32,8,8,14,19,127,21,1
2376,22021,1610612755,PHI,Philadelphia 76ers,0022101178,2022-04-05,PHI @ IND,W,240,47,87,0.54,23,40,0.575,14,18,0.778,5,31,36,34,8,3,16,14,131,9,1
2377,22021,1610612754,IND,Indiana Pacers,0022101178,2022-04-05,IND vs. PHI,L,240,45,95,0.474,12,40,0.3,20,21,0.952,16,32,48,29,8,10,16,18,122,-9,1
2378,22021,1610612765,DET,Detroit Pistons,0022101190,2022-04-06,DET vs. DAL,L,240,35,82,0.427,11,30,0.367,32,35,0.914,11,31,42,26,7,5,11,21,113,-18,1
2379,22021,1610612742,DAL,Dallas Mavericks,0022101190,2022-04-06,DAL @ DET,W,240,45,80,0.563,15,33,0.455,26,34,0.765,8,33,41,28,8,1,10,24,131,18,1
2380,22021,1610612752,NYK,New York Knicks,0022101191,2022-04-06,NYK vs. BKN,L,240,32,83,0.386,13,38,0.342,21,36,0.583,10,32,42,22,4,7,11,19,98,-12,1
2381,22021,1610612751,BKN,Brooklyn Nets,0022101191,2022-04-06,BKN @ NYK,W,240,41,93,0.441,14,41,0.341,14,18,0.778,13,36,49,28,7,6,14,26,110,12,1
2382,22021,1610612764,WAS,Washington Wizards,0022101192,2022-04-06,WAS @ ATL,L,240,42,86,0.488,10,35,0.286,9,11,0.818,6,38,44,26,4,4,14,17,103,-15,1
2383,22021,1610612737,ATL,Atlanta Hawks,0022101192,2022-04-06,ATL vs. WAS,W,240,43,92,0.467,16,39,0.41,16,19,0.842,7,32,39,26,11,1,6,13,118,15,1
2384,22021,1610612741,CHI,Chicago Bulls,0022101193,2022-04-06,CHI vs. BOS,L,240,35,80,0.438,7,23,0.304,17,23,0.739,7,33,40,19,7,4,17,22,94,-23,1
2385,22021,1610612738,BOS,Boston Celtics,0022101193,2022-04-06,BOS @ CHI,W,240,43,88,0.489,17,37,0.459,14,22,0.636,8,34,42,29,11,6,13,18,117,23,1
2386,22021,1610612762,UTA,Utah Jazz,0022101194,2022-04-06,UTA vs. OKC,W,240,49,84,0.583,15,36,0.417,24,32,0.75,16,39,55,29,7,10,13,13,137,36,1
2387,22021,1610612760,OKC,Oklahoma City Thunder,0022101194,2022-04-06,OKC @ UTA,L,240,37,90,0.411,16,37,0.432,11,17,0.647,11,21,32,27,9,1,10,22,101,-36,1
2388,22021,1610612746,LAC,LA Clippers,0022101195,2022-04-06,LAC vs. PHX,W,240,33,75,0.44,12,34,0.353,35,44,0.795,9,46,55,20,7,9,17,17,113,4,1
2389,22021,1610612756,PHX,Phoenix Suns,0022101195,2022-04-06,PHX @ LAC,L,240,42,108,0.389,17,48,0.354,8,12,0.667,18,36,54,29,11,2,12,26,109,-4,1
2390,22021,1610612766,CHA,Charlotte Hornets,0022101196,2022-04-07,CHA vs. ORL,W,240,48,92,0.522,12,34,0.353,20,27,0.741,10,46,56,29,9,10,12,17,128,27,1
2391,22021,1610612753,ORL,Orlando Magic,0022101196,2022-04-07,ORL @ CHA,L,240,38,95,0.4,15,48,0.313,10,13,0.769,8,35,43,27,6,4,16,22,101,-27,1
2392,22021,1610612755,PHI,Philadelphia 76ers,0022101197,2022-04-07,PHI @ TOR,L,240,37,75,0.493,19,36,0.528,21,25,0.84,6,31,37,26,7,3,17,18,114,-5,1
2393,22021,1610612761,TOR,Toronto Raptors,0022101197,2022-04-07,TOR vs. PHI,W,240,45,91,0.495,15,33,0.455,14,18,0.778,12,29,41,22,7,4,11,17,119,5,1
2394,22021,1610612740,NOP,New Orleans Pelicans,0022101200,2022-04-07,NOP vs. POR,W,240,44,93,0.473,13,37,0.351,26,31,0.839,23,26,49,31,15,1,12,14,127,33,1
2395,22021,1610612757,POR,Portland Trail Blazers,0022101200,2022-04-07,POR @ NOP,L,240,36,69,0.522,11,31,0.355,11,13,0.846,3,24,27,28,10,4,22,27,94,-33,1
2396,22021,1610612750,MIN,Minnesota Timberwolves,0022101199,2022-04-07,MIN vs. SAS,W,240,41,96,0.427,20,53,0.377,25,31,0.806,13,34,47,25,8,2,11,29,127,6,1
2397,22021,1610612759,SAS,San Antonio Spurs,0022101199,2022-04-07,SAS @ MIN,L,240,43,89,0.483,10,28,0.357,25,34,0.735,8,37,45,31,5,5,12,22,121,-6,1
2398,22021,1610612743,DEN,Denver Nuggets,0022101201,2022-04-07,DEN vs. MEM,W,240,44,80,0.55,12,30,0.4,22,25,0.88,8,35,43,27,7,2,19,22,122,13,1
2399,22021,1610612763,MEM,Memphis Grizzlies,0022101201,2022-04-07,MEM @ DEN,L,240,42,89,0.472,11,28,0.393,14,19,0.737,10,24,34,30,8,3,13,21,109,-13,1
2400,22021,1610612747,LAL,Los Angeles Lakers,0022101202,2022-04-07,LAL @ GSW,L,240,37,83,0.446,9,32,0.281,29,38,0.763,8,34,42,14,8,4,19,13,112,-16,1
2401,22021,1610612744,GSW,Golden State Warriors,0022101202,2022-04-07,GSW vs. LAL,W,240,51,97,0.526,16,32,0.5,10,10,1.0,9,36,45,39,10,5,15,26,128,16,1
2402,22021,1610612749,MIL,Milwaukee Bucks,0022101198,2022-04-07,MIL vs. BOS,W,240,49,97,0.505,14,38,0.368,15,21,0.714,14,34,48,27,13,5,11,19,127,6,1
2403,22021,1610612738,BOS,Boston Celtics,0022101198,2022-04-07,BOS @ MIL,L,240,43,87,0.494,21,50,0.42,14,19,0.737,8,36,44,30,8,4,16,15,121,-6,1
2404,22021,1610612752,NYK,New York Knicks,0022101204,2022-04-08,NYK @ WAS,W,240,41,88,0.466,16,39,0.41,16,20,0.8,10,32,42,27,13,3,10,19,114,22,1
2405,22021,1610612764,WAS,Washington Wizards,0022101204,2022-04-08,WAS vs. NYK,L,240,35,69,0.507,9,28,0.321,13,17,0.765,2,35,37,21,5,5,22,19,92,-22,1
2406,22021,1610612749,MIL,Milwaukee Bucks,0022101203,2022-04-08,MIL @ DET,W,240,50,101,0.495,11,37,0.297,20,23,0.87,10,41,51,29,7,1,8,20,131,30,1
2407,22021,1610612765,DET,Detroit Pistons,0022101203,2022-04-08,DET vs. MIL,L,240,35,90,0.389,10,48,0.208,21,23,0.913,9,34,43,27,6,5,14,22,101,-30,1
2408,22021,1610612761,TOR,Toronto Raptors,0022101206,2022-04-08,TOR vs. HOU,W,240,44,96,0.458,7,29,0.241,22,23,0.957,13,28,41,20,13,4,10,18,117,2,1
2409,22021,1610612745,HOU,Houston Rockets,0022101206,2022-04-08,HOU @ TOR,L,240,43,81,0.531,10,29,0.345,19,24,0.792,7,34,41,24,6,3,19,19,115,-2,1
2410,22021,1610612751,BKN,Brooklyn Nets,0022101205,2022-04-08,BKN vs. CLE,W,240,43,92,0.467,12,32,0.375,20,21,0.952,13,32,45,30,5,8,11,20,118,11,1
2411,22021,1610612739,CLE,Cleveland Cavaliers,0022101205,2022-04-08,CLE @ BKN,L,240,40,82,0.488,8,27,0.296,19,24,0.792,10,21,31,19,4,4,9,20,107,-11,1
2412,22021,1610612741,CHI,Chicago Bulls,0022101208,2022-04-08,CHI vs. CHA,L,240,44,82,0.537,13,24,0.542,16,20,0.8,6,25,31,25,7,1,12,12,117,-16,1
2413,22021,1610612766,CHA,Charlotte Hornets,0022101208,2022-04-08,CHA @ CHI,W,240,52,86,0.605,19,40,0.475,10,10,1.0,8,30,38,34,7,4,11,21,133,16,1
2414,22021,1610612737,ATL,Atlanta Hawks,0022101207,2022-04-08,ATL @ MIA,L,240,42,88,0.477,8,34,0.235,17,19,0.895,13,30,43,17,9,0,15,23,109,-4,1
2415,22021,1610612748,MIA,Miami Heat,0022101207,2022-04-08,MIA vs. ATL,W,240,40,72,0.556,11,26,0.423,22,28,0.786,4,29,33,20,9,1,17,17,113,4,1
2416,22021,1610612742,DAL,Dallas Mavericks,0022101209,2022-04-08,DAL vs. POR,W,240,42,79,0.532,20,45,0.444,24,31,0.774,9,42,51,25,9,5,15,19,128,50,1
2417,22021,1610612757,POR,Portland Trail Blazers,0022101209,2022-04-08,POR @ DAL,L,240,31,83,0.373,7,32,0.219,9,12,0.75,5,24,29,20,9,2,17,23,78,-50,1
2418,22021,1610612756,PHX,Phoenix Suns,0022101210,2022-04-08,PHX @ UTA,W,240,46,92,0.5,6,19,0.316,13,15,0.867,11,35,46,27,7,3,13,25,111,6,1
2419,22021,1610612762,UTA,Utah Jazz,0022101210,2022-04-08,UTA vs. PHX,L,240,35,88,0.398,11,38,0.289,24,33,0.727,15,29,44,20,8,4,11,18,105,-6,1
2420,22021,1610612760,OKC,Oklahoma City Thunder,0022101211,2022-04-08,OKC @ LAL,L,240,40,88,0.455,6,29,0.207,15,19,0.789,9,35,44,21,5,3,14,26,101,-19,1
2421,22021,1610612747,LAL,Los Angeles Lakers,0022101211,2022-04-08,LAL vs. OKC,W,240,41,82,0.5,9,31,0.29,29,39,0.744,7,38,45,23,8,4,10,17,120,19,1
2422,22021,1610612754,IND,Indiana Pacers,0022101214,2022-04-09,IND @ PHI,L,240,41,78,0.526,10,23,0.435,28,36,0.778,7,24,31,28,8,6,17,22,120,-13,1
2423,22021,1610612755,PHI,Philadelphia 76ers,0022101214,2022-04-09,PHI vs. IND,W,240,50,90,0.556,12,34,0.353,21,27,0.778,14,28,42,37,14,3,15,24,133,13,1
2424,22021,1610612740,NOP,New Orleans Pelicans,0022101213,2022-04-09,NOP @ MEM,L,240,41,91,0.451,6,30,0.2,26,35,0.743,9,20,29,23,10,3,16,22,114,-27,1
2425,22021,1610612763,MEM,Memphis Grizzlies,0022101213,2022-04-09,MEM vs. NOP,W,240,53,90,0.589,18,35,0.514,17,23,0.739,13,35,48,41,6,9,19,24,141,27,1
2426,22021,1610612759,SAS,San Antonio Spurs,0022101215,2022-04-09,SAS vs. GSW,L,240,32,80,0.4,10,31,0.323,20,27,0.741,4,37,41,19,5,3,12,24,94,-6,1
2427,22021,1610612744,GSW,Golden State Warriors,0022101215,2022-04-09,GSW @ SAS,W,240,33,81,0.407,8,32,0.25,26,33,0.788,13,38,51,23,8,1,12,22,100,6,1
2428,22021,1610612758,SAC,Sacramento Kings,0022101212,2022-04-09,SAC @ LAC,L,240,38,86,0.442,7,28,0.25,15,24,0.625,7,35,42,24,12,2,13,16,98,-19,1
2429,22021,1610612746,LAC,LA Clippers,0022101212,2022-04-09,LAC vs. SAC,W,240,42,86,0.488,21,43,0.488,12,15,0.8,10,38,48,29,7,3,17,22,117,19,1
2430,22021,1610612746,LAC,LA Clippers,0022101222,2022-04-10,LAC vs. OKC,W,240,54,97,0.557,18,35,0.514,12,14,0.857,12,45,57,34,4,8,9,11,138,50,1
2431,22021,1610612760,OKC,Oklahoma City Thunder,0022101222,2022-04-10,OKC @ LAC,L,240,37,98,0.378,9,34,0.265,5,9,0.556,12,28,40,17,6,2,10,16,88,-50,1
2432,22021,1610612759,SAS,San Antonio Spurs,0022101219,2022-04-10,SAS @ DAL,L,240,43,89,0.483,11,31,0.355,23,23,1.0,7,28,35,26,15,3,8,17,120,-10,1
2433,22021,1610612742,DAL,Dallas Mavericks,0022101219,2022-04-10,DAL vs. SAS,W,240,46,85,0.541,20,36,0.556,18,23,0.783,10,33,43,34,5,3,16,16,130,10,1
2434,22021,1610612740,NOP,New Orleans Pelicans,0022101225,2022-04-10,NOP vs. GSW,L,240,42,99,0.424,14,40,0.35,9,12,0.75,18,24,42,24,10,0,12,17,107,-21,1
2435,22021,1610612744,GSW,Golden State Warriors,0022101225,2022-04-10,GSW @ NOP,W,240,49,81,0.605,19,33,0.576,11,13,0.846,7,34,41,33,5,2,17,15,128,21,1
2436,22021,1610612757,POR,Portland Trail Blazers,0022101230,2022-04-10,POR vs. UTA,L,240,31,83,0.373,9,34,0.265,9,12,0.75,5,27,32,21,11,8,16,27,80,-31,1
2437,22021,1610612762,UTA,Utah Jazz,0022101230,2022-04-10,UTA @ POR,W,240,37,82,0.451,9,36,0.25,28,38,0.737,15,45,60,23,8,6,17,16,111,31,1
2438,22021,1610612756,PHX,Phoenix Suns,0022101229,2022-04-10,PHX vs. SAC,L,240,42,103,0.408,14,47,0.298,11,15,0.733,18,32,50,27,9,7,11,25,109,-7,1
2439,22021,1610612758,SAC,Sacramento Kings,0022101229,2022-04-10,SAC @ PHX,W,240,40,76,0.526,14,26,0.538,22,30,0.733,2,38,40,26,9,7,15,18,116,7,1
2440,22021,1610612739,CLE,Cleveland Cavaliers,0022101218,2022-04-10,CLE vs. MIL,W,240,51,94,0.543,19,38,0.5,12,17,0.706,10,38,48,39,5,5,12,26,133,18,1
2441,22021,1610612749,MIL,Milwaukee Bucks,0022101218,2022-04-10,MIL @ CLE,L,240,39,88,0.443,12,30,0.4,25,32,0.781,8,33,41,27,7,2,12,14,115,-18,1
2442,22021,1610612764,WAS,Washington Wizards,0022101217,2022-04-10,WAS @ CHA,L,240,42,94,0.447,8,23,0.348,16,26,0.615,17,26,43,25,12,3,11,16,108,-16,1
2443,22021,1610612766,CHA,Charlotte Hornets,0022101217,2022-04-10,CHA vs. WAS,W,240,48,89,0.539,18,33,0.545,10,14,0.714,11,37,48,34,6,9,20,20,124,16,1
2444,22021,1610612745,HOU,Houston Rockets,0022101221,2022-04-10,HOU vs. ATL,L,240,41,89,0.461,17,46,0.37,15,20,0.75,6,28,34,24,4,4,8,19,114,-16,1
2445,22021,1610612737,ATL,Atlanta Hawks,0022101221,2022-04-10,ATL @ HOU,W,240,45,87,0.517,21,38,0.553,19,24,0.792,13,37,50,29,4,4,13,19,130,16,1
2446,22021,1610612751,BKN,Brooklyn Nets,0022101216,2022-04-10,BKN vs. IND,W,240,52,81,0.642,8,22,0.364,22,25,0.88,8,42,50,30,5,6,21,16,134,8,1
2447,22021,1610612754,IND,Indiana Pacers,0022101216,2022-04-10,IND @ BKN,L,240,47,104,0.452,19,46,0.413,13,19,0.684,11,19,30,32,16,1,7,23,126,-8,1
2448,22021,1610612752,NYK,New York Knicks,0022101226,2022-04-10,NYK vs. TOR,W,240,40,87,0.46,15,43,0.349,10,12,0.833,10,38,48,32,6,5,17,17,105,11,1
2449,22021,1610612761,TOR,Toronto Raptors,0022101226,2022-04-10,TOR @ NYK,L,240,36,92,0.391,12,42,0.286,10,11,0.909,9,34,43,27,10,2,14,17,94,-11,1
2450,22021,1610612753,ORL,Orlando Magic,0022101227,2022-04-10,ORL vs. MIA,W,240,45,91,0.495,23,58,0.397,12,14,0.857,6,42,48,33,4,3,10,16,125,14,1
2451,22021,1610612748,MIA,Miami Heat,0022101227,2022-04-10,MIA @ ORL,L,240,40,94,0.426,19,50,0.38,12,16,0.75,10,37,47,20,5,4,10,13,111,-14,1
2452,22021,1610612747,LAL,Los Angeles Lakers,0022101220,2022-04-10,LAL @ DEN,W,265,44,94,0.468,16,43,0.372,42,47,0.894,13,37,50,26,4,6,13,24,146,5,1
2453,22021,1610612743,DEN,Denver Nuggets,0022101220,2022-04-10,DEN vs. LAL,L,265,49,100,0.49,15,47,0.319,28,36,0.778,11,34,45,33,10,7,14,34,141,-5,1
2454,22021,1610612763,MEM,Memphis Grizzlies,0022101223,2022-04-10,MEM vs. BOS,L,240,39,102,0.382,15,47,0.319,17,27,0.63,19,26,45,27,11,6,10,16,110,-29,1
2455,22021,1610612738,BOS,Boston Celtics,0022101223,2022-04-10,BOS @ MEM,W,240,54,99,0.545,18,48,0.375,13,13,1.0,14,42,56,34,5,2,15,20,139,29,1
2456,22021,1610612755,PHI,Philadelphia 76ers,0022101228,2022-04-10,PHI vs. DET,W,240,46,88,0.523,5,25,0.2,21,23,0.913,10,32,42,25,13,6,11,23,118,12,1
2457,22021,1610612765,DET,Detroit Pistons,0022101228,2022-04-10,DET @ PHI,L,240,38,83,0.458,11,34,0.324,19,29,0.655,15,27,42,26,4,4,20,16,106,-12,1
2458,22021,1610612750,MIN,Minnesota Timberwolves,0022101224,2022-04-10,MIN vs. CHI,L,240,46,91,0.505,11,31,0.355,17,22,0.773,9,23,32,30,7,9,13,23,120,-4,1
2459,22021,1610612741,CHI,Chicago Bulls,0022101224,2022-04-10,CHI @ MIN,W,240,44,83,0.53,10,21,0.476,26,33,0.788,16,32,48,22,9,3,23,22,124,4,1
